Serial Monitor Started
12084 <<< A5 22 79 16 00 83 01 30 40 00 0D 00 02 01 00 01 64 01 01 00 01 01 00 00 00 3B 01 00
12102 >>> A5 12 79 04 00 5A 01 30 40 00
15781 <<< A5 22 7A 16 00 80 01 30 40 00 0D 00 02 01 00 02 64 01 02 00 01 01 00 00 00 3B 01 00
15802 >>> A5 12 7A 04 00 59 01 30 40 00
17979 <<< A5 22 7B 16 00 7D 01 30 40 00 0D 00 02 01 00 03 64 01 03 00 01 01 00 00 00 3B 01 00
18002 >>> A5 12 7B 04 00 58 01 30 40 00
21776 <<< A5 22 7C 16 00 80 01 30 40 00 0D 00 02 01 00 01 64 01 01 00 01 01 00 00 00 3B 01 00
21792 >>> A5 12 7C 04 00 57 01 30 40 00
22676 <<< A5 22 7D 16 00 7D 01 30 40 00 0D 00 02 01 00 02 64 01 02 00 01 01 00 00 00 3B 01 00
22694 >>> A5 12 7D 04 00 56 01 30 40 00
23275 <<< A5 22 7E 16 00 7A 01 30 40 00 0D 00 02 01 00 03 64 01 03 00 01 01 00 00 00 3B 01 00
23296 >>> A5 12 7E 04 00 55 01 30 40 00
24574 <<< A5 22 7F 16 00 7D 01 30 40 00 0D 00 02 01 00 01 64 01 01 00 01 01 00 00 00 3B 01 00
24593 >>> A5 12 7F 04 00 54 01 30 40 00
25773 <<< A5 22 80 16 00 7A 01 30 40 00 0D 00 02 01 00 02 64 01 02 00 01 01 00 00 00 3B 01 00
25795 >>> A5 12 80 04 00 53 01 30 40 00
25973 <<< A5 22 81 16 00 77 01 30 40 00 0D 00 02 01 00 03 64 01 03 00 01 01 00 00 00 3B 01 00
26000 >>> A5 12 81 04 00 52 01 30 40 00
26173 <<< A5 22 82 16 00 7A 01 30 40 00 0D 00 02 01 00 01 64 01 01 00 01 01 00 00 00 3B 01 00
26193 >>> A5 12 82 04 00 51 01 30 40 00
26373 <<< A5 22 83 16 00 77 01 30 40 00 0D 00 02 01 00 02 64 01 02 00 01 01 00 00 00 3B 01 00
26393 >>> A5 12 83 04 00 50 01 30 40 00
26572 <<< A5 22 84 16 00 74 01 30 40 00 0D 00 02 01 00 03 64 01 03 00 01 01 00 00 00 3B 01 00
26593 >>> A5 12 84 04 00 4F 01 30 40 00
26673 <<< A5 22 85 16 00 77 01 30 40 00 0D 00 02 01 00 01 64 01 01 00 01 01 00 00 00 3B 01 00
26696 >>> A5 12 85 04 00 4E 01 30 40 00
26872 <<< A5 22 86 16 00 74 01 30 40 00 0D 00 02 01 00 02 64 01 02 00 01 01 00 00 00 3B 01 00
26893 >>> A5 12 86 04 00 4D 01 30 40 00
27173 <<< A5 22 87 16 00 71 01 30 40 00 0D 00 02 01 00 03 64 01 03 00 01 01 00 00 00 3B 01 00
27194 >>> A5 12 87 04 00 4C 01 30 40 00
27372 <<< A5 22 88 16 00 74 01 30 40 00 0D 00 02 01 00 01 64 01 01 00 01 01 00 00 00 3B 01 00
27393 >>> A5 12 88 04 00 4B 01 30 40 00
27572 <<< A5 22 89 16 00 71 01 30 40 00 0D 00 02 01 00 02 64 01 02 00 01 01 00 00 00 3B 01 00
27593 >>> A5 12 89 04 00 4A 01 30 40 00
27771 <<< A5 22 8A 16 00 6E 01 30 40 00 0D 00 02 01 00 03 64 01 03 00 01 01 00 00 00 3B 01 00
27793 >>> A5 12 8A 04 00 49 01 30 40 00
27871 <<< A5 22 8B 16 00 71 01 30 40 00 0D 00 02 01 00 01 64 01 01 00 01 01 00 00 00 3B 01 00
27900 >>> A5 12 8B 04 00 48 01 30 40 00
28071 <<< A5 22 8C 16 00 6E 01 30 40 00 0D 00 02 01 00 02 64 01 02 00 01 01 00 00 00 3B 01 00
28093 >>> A5 12 8C 04 00 47 01 30 40 00
28271 <<< A5 22 8D 16 00 6B 01 30 40 00 0D 00 02 01 00 03 64 01 03 00 01 01 00 00 00 3B 01 00
28293 >>> A5 12 8D 04 00 46 01 30 40 00
28471 <<< A5 22 8E 16 00 6E 01 30 40 00 0D 00 02 01 00 01 64 01 01 00 01 01 00 00 00 3B 01 00
28493 >>> A5 12 8E 04 00 45 01 30 40 00
28571 <<< A5 22 8F 16 00 6B 01 30 40 00 0D 00 02 01 00 02 64 01 02 00 01 01 00 00 00 3B 01 00
28596 >>> A5 12 8F 04 00 44 01 30 40 00
28770 <<< A5 22 90 16 00 68 01 30 40 00 0D 00 02 01 00 03 64 01 03 00 01 01 00 00 00 3B 01 00
28793 >>> A5 12 90 04 00 43 01 30 40 00
29070 <<< A5 22 91 16 00 6B 01 30 40 00 0D 00 02 01 00 01 64 01 01 00 01 01 00 00 00 3B 01 00
29093 >>> A5 12 91 04 00 42 01 30 40 00
29270 <<< A5 22 92 16 00 68 01 30 40 00 0D 00 02 01 00 02 64 01 02 00 01 01 00 00 00 3B 01 00
29293 >>> A5 12 92 04 00 41 01 30 40 00
29370 <<< A5 22 93 16 00 65 01 30 40 00 0D 00 02 01 00 03 64 01 03 00 01 01 00 00 00 3B 01 00
29396 >>> A5 12 93 04 00 40 01 30 40 00
29570 <<< A5 22 94 16 00 68 01 30 40 00 0D 00 02 01 00 01 64 01 01 00 01 01 00 00 00 3B 01 00
29593 >>> A5 12 94 04 00 3F 01 30 40 00
29670 <<< A5 22 95 16 00 65 01 30 40 00 0D 00 02 01 00 02 64 01 02 00 01 01 00 00 00 3B 01 00
29696 >>> A5 12 95 04 00 3E 01 30 40 00
29870 <<< A5 22 96 16 00 62 01 30 40 00 0D 00 02 01 00 03 64 01 03 00 01 01 00 00 00 3B 01 00
29893 >>> A5 12 96 04 00 3D 01 30 40 00
30069 <<< A5 22 97 16 00 65 01 30 40 00 0D 00 02 01 00 01 64 01 01 00 01 01 00 00 00 3B 01 00
30094 >>> A5 12 97 04 00 3C 01 30 40 00
30269 <<< A5 22 98 16 00 62 01 30 40 00 0D 00 02 01 00 02 64 01 02 00 01 01 00 00 00 3B 01 00
30294 >>> A5 12 98 04 00 3B 01 30 40 00
30369 <<< A5 22 99 16 00 5F 01 30 40 00 0D 00 02 01 00 03 64 01 03 00 01 01 00 00 00 3B 01 00
30397 >>> A5 12 99 04 00 3A 01 30 40 00
30569 <<< A5 22 9A 16 00 62 01 30 40 00 0D 00 02 01 00 01 64 01 01 00 01 01 00 00 00 3B 01 00
30593 >>> A5 12 9A 04 00 39 01 30 40 00
30669 <<< A5 22 9B 16 00 5F 01 30 40 00 0D 00 02 01 00 02 64 01 02 00 01 01 00 00 00 3B 01 00
30696 >>> A5 12 9B 04 00 38 01 30 40 00
31069 <<< A5 22 9C 16 00 5C 01 30 40 00 0D 00 02 01 00 03 64 01 03 00 01 01 00 00 00 3B 01 00
31083 >>> A5 12 9C 04 00 37 01 30 40 00
31169 <<< A5 22 9D 16 00 5F 01 30 40 00 0D 00 02 01 00 01 64 01 01 00 01 01 00 00 00 3B 01 00
31185 >>> A5 12 9D 04 00 36 01 30 40 00
31368 <<< A5 22 9E 16 00 5C 01 30 40 00 0D 00 02 01 00 02 64 01 02 00 01 01 00 00 00 3B 01 00
31387 >>> A5 12 9E 04 00 35 01 30 40 00
31568 <<< A5 22 9F 16 00 59 01 30 40 00 0D 00 02 01 00 03 64 01 03 00 01 01 00 00 00 3B 01 00
31586 >>> A5 12 9F 04 00 34 01 30 40 00
31768 <<< A5 22 A0 16 00 5C 01 30 40 00 0D 00 02 01 00 01 64 01 01 00 01 01 00 00 00 3B 01 00
31786 >>> A5 12 A0 04 00 33 01 30 40 00
31868 <<< A5 22 A1 16 00 59 01 30 40 00 0D 00 02 01 00 02 64 01 02 00 01 01 00 00 00 3B 01 00
31882 >>> A5 12 A1 04 00 32 01 30 40 00
32068 <<< A5 22 A2 16 00 56 01 30 40 00 0D 00 02 01 00 03 64 01 03 00 01 01 00 00 00 3B 01 00
32082 >>> A5 12 A2 04 00 31 01 30 40 00
32268 <<< A5 22 A3 16 00 59 01 30 40 00 0D 00 02 01 00 01 64 01 01 00 01 01 00 00 00 3B 01 00
32282 >>> A5 12 A3 04 00 30 01 30 40 00
32468 <<< A5 22 A4 16 00 56 01 30 40 00 0D 00 02 01 00 02 64 01 02 00 01 01 00 00 00 3B 01 00
32482 >>> A5 12 A4 04 00 2F 01 30 40 00
32567 <<< A5 22 A5 16 00 53 01 30 40 00 0D 00 02 01 00 03 64 01 03 00 01 01 00 00 00 3B 01 00
32582 >>> A5 12 A5 04 00 2E 01 30 40 00
32767 <<< A5 22 A6 16 00 56 01 30 40 00 0D 00 02 01 00 01 64 01 01 00 01 01 00 00 00 3B 01 00
32782 >>> A5 12 A6 04 00 2D 01 30 40 00
32967 <<< A5 22 A7 16 00 53 01 30 40 00 0D 00 02 01 00 02 64 01 02 00 01 01 00 00 00 3B 01 00
32982 >>> A5 12 A7 04 00 2C 01 30 40 00
33168 <<< A5 22 A8 16 00 50 01 30 40 00 0D 00 02 01 00 03 64 01 03 00 01 01 00 00 00 3B 01 00
33182 >>> A5 12 A8 04 00 2B 01 30 40 00
33267 <<< A5 22 A9 16 00 53 01 30 40 00 0D 00 02 01 00 01 64 01 01 00 01 01 00 00 00 3B 01 00
33282 >>> A5 12 A9 04 00 2A 01 30 40 00
33467 <<< A5 22 AA 16 00 50 01 30 40 00 0D 00 02 01 00 02 64 01 02 00 01 01 00 00 00 3B 01 00
33482 >>> A5 12 AA 04 00 29 01 30 40 00
33866 <<< A5 22 AB 16 00 4D 01 30 40 00 0D 00 02 01 00 03 64 01 03 00 01 01 00 00 00 3B 01 00
33883 >>> A5 12 AB 04 00 28 01 30 40 00
34066 <<< A5 22 AC 16 00 50 01 30 40 00 0D 00 02 01 00 01 64 01 01 00 01 01 00 00 00 3B 01 00
34083 >>> A5 12 AC 04 00 27 01 30 40 00
34566 <<< A5 22 AD 16 00 4D 01 30 40 00 0D 00 02 01 00 02 64 01 02 00 01 01 00 00 00 3B 01 00
34582 >>> A5 12 AD 04 00 26 01 30 40 00
34966 <<< A5 22 AE 16 00 4A 01 30 40 00 0D 00 02 01 00 03 64 01 03 00 01 01 00 00 00 3B 01 00
34982 >>> A5 12 AE 04 00 25 01 30 40 00
36764 <<< A5 22 AF 16 00 4B 01 30 40 00 0D 00 02 01 01 03 64 01 00 00 01 01 00 00 00 3B 01 00
36782 >>> A5 12 AF 04 00 24 01 30 40 00
38863 <<< A5 22 B0 16 00 48 01 30 40 00 0D 00 02 01 00 03 64 01 03 00 01 01 00 00 00 3B 01 00
38883 >>> A5 12 B0 04 00 23 01 30 40 00
39663 <<< A5 22 B1 16 00 49 01 30 40 00 0D 00 02 01 01 03 64 01 00 00 01 01 00 00 00 3B 01 00
39688 >>> A5 12 B1 04 00 22 01 30 40 00
40262 <<< A5 22 B2 16 00 46 01 30 40 00 0D 00 02 01 00 03 64 01 03 00 01 01 00 00 00 3B 01 00
40285 >>> A5 12 B2 04 00 21 01 30 40 00
41061 <<< A5 22 B3 16 00 47 01 30 40 00 0D 00 02 01 01 03 64 01 00 00 01 01 00 00 00 3B 01 00
41083 >>> A5 12 B3 04 00 20 01 30 40 00
41461 <<< A5 22 B4 16 00 44 01 30 40 00 0D 00 02 01 00 03 64 01 03 00 01 01 00 00 00 3B 01 00
41483 >>> A5 12 B4 04 00 1F 01 30 40 00
41961 <<< A5 22 B5 16 00 45 01 30 40 00 0D 00 02 01 01 03 64 01 00 00 01 01 00 00 00 3B 01 00
41983 >>> A5 12 B5 04 00 1E 01 30 40 00
42560 <<< A5 22 B6 16 00 42 01 30 40 00 0D 00 02 01 00 03 64 01 03 00 01 01 00 00 00 3B 01 00
42583 >>> A5 12 B6 04 00 1D 01 30 40 00
43060 <<< A5 22 B7 16 00 43 01 30 40 00 0D 00 02 01 01 03 64 01 00 00 01 01 00 00 00 3B 01 00
43083 >>> A5 12 B7 04 00 1C 01 30 40 00
43460 <<< A5 22 B8 16 00 40 01 30 40 00 0D 00 02 01 00 03 64 01 03 00 01 01 00 00 00 3B 01 00
43483 >>> A5 12 B8 04 00 1B 01 30 40 00
43959 <<< A5 22 B9 16 00 41 01 30 40 00 0D 00 02 01 01 03 64 01 00 00 01 01 00 00 00 3B 01 00
43984 >>> A5 12 B9 04 00 1A 01 30 40 00
44459 <<< A5 22 BA 16 00 3E 01 30 40 00 0D 00 02 01 00 03 64 01 03 00 01 01 00 00 00 3B 01 00
44477 >>> A5 12 BA 04 00 19 01 30 40 00
44959 <<< A5 22 BB 16 00 3F 01 30 40 00 0D 00 02 01 01 03 64 01 00 00 01 01 00 00 00 3B 01 00
44976 >>> A5 12 BB 04 00 18 01 30 40 00
45359 <<< A5 22 BC 16 00 3C 01 30 40 00 0D 00 02 01 00 03 64 01 03 00 01 01 00 00 00 3B 01 00
45376 >>> A5 12 BC 04 00 17 01 30 40 00
45758 <<< A5 22 BD 16 00 3D 01 30 40 00 0D 00 02 01 01 03 64 01 00 00 01 01 00 00 00 3B 01 00
45777 >>> A5 12 BD 04 00 16 01 30 40 00
48158 <<< A5 22 BE 16 00 A0 01 30 40 00 0D 00 02 01 01 03 00 01 00 00 01 01 00 00 00 3B 01 00
48173 >>> A5 12 BE 04 00 15 01 30 40 00
49356 <<< A5 22 BF 16 00 3B 01 30 40 00 0D 00 02 01 01 03 64 01 00 00 01 01 00 00 00 3B 01 00
49373 >>> A5 12 BF 04 00 14 01 30 40 00
52154 <<< A5 22 C0 16 00 38 01 30 40 00 0D 00 02 01 00 03 64 01 03 00 01 01 00 00 00 3B 01 00
52179 >>> A5 12 C0 04 00 13 01 30 40 00
55052 <<< A5 22 C1 16 00 39 01 30 40 00 0D 00 02 01 01 03 64 01 00 00 01 01 00 00 00 3B 01 00
55073 >>> A5 12 C1 04 00 12 01 30 40 00
57151 <<< A5 22 C2 16 00 9C 01 30 40 00 0D 00 02 01 01 03 00 01 00 00 01 01 00 00 00 3B 01 00
57173 >>> A5 12 C2 04 00 11 01 30 40 00
58150 <<< A5 22 C3 16 00 9B 01 30 40 00 0D 00 02 01 01 03 00 01 00 00 01 01 00 00 00 3B 01 00
58155 >>> A5 12 C3 04 00 10 01 30 40 00
77836 <<< A5 22 C4 16 00 36 01 30 40 00 0D 00 02 01 01 03 64 01 00 00 01 01 00 00 00 3B 01 00
77854 >>> A5 12 C4 04 00 0F 01 30 40 00
80135 <<< A5 22 C5 16 00 99 01 30 40 00 0D 00 02 01 01 03 00 01 00 00 01 01 00 00 00 3B 01 00
80154 >>> A5 12 C5 04 00 0E 01 30 40 00
86928 <<< A5 22 C6 16 00 34 01 30 40 00 0D 00 02 01 01 03 64 01 00 00 01 01 00 00 00 3B 01 00
86941 >>> A5 12 C6 04 00 0D 01 30 40 00
89127 <<< A5 22 C7 16 00 97 01 30 40 00 0D 00 02 01 01 03 00 01 00 00 01 01 00 00 00 3B 01 00
89143 >>> A5 12 C7 04 00 0C 01 30 40 00
94622 <<< A5 22 C8 16 00 32 01 30 40 00 0D 00 02 01 01 03 64 01 00 00 01 01 00 00 00 3B 01 00
94635 >>> A5 12 C8 04 00 0B 01 30 40 00
97121 <<< A5 22 C9 16 00 95 01 30 40 00 0D 00 02 01 01 03 00 01 00 00 01 01 00 00 00 3B 01 00
97136 >>> A5 12 C9 04 00 0A 01 30 40 00
100817 <<< A5 22 CA 16 00 30 01 30 40 00 0D 00 02 01 01 03 64 01 00 00 01 01 00 00 00 3B 01 00
100835 >>> A5 12 CA 04 00 09 01 30 40 00
101416 <<< A5 22 CB 16 00 2E 01 30 40 00 0D 00 02 01 02 03 64 01 00 00 01 01 00 00 00 3B 01 00
101439 >>> A5 12 CB 04 00 08 01 30 40 00
106612 <<< A5 22 CC 16 00 2C 01 30 40 00 0D 00 02 01 02 03 64 01 00 00 01 02 00 00 00 3B 01 00
106635 >>> A5 12 CC 04 00 07 01 30 40 00
107111 <<< A5 22 CD 16 00 2C 01 30 40 00 0D 00 02 01 02 03 64 01 00 00 01 01 00 00 00 3B 01 00
107115 >>> A5 12 CD 04 00 06 01 30 40 00
114506 <<< A5 22 CE 16 00 2A 01 30 40 00 0D 00 02 01 00 03 64 01 03 00 01 01 00 00 00 3B 01 00
114523 >>> A5 12 CE 04 00 05 01 30 40 00
118104 <<< A5 22 CF 16 00 29 01 30 40 00 0D 00 02 01 00 03 64 01 03 00 01 01 00 00 00 3B 01 00
118115 >>> A5 12 CF 04 00 04 01 30 40 00
123799 <<< A5 22 D0 16 00 2A 01 30 40 00 0D 00 02 01 01 03 64 01 00 00 01 01 00 00 00 3B 01 00
123816 >>> A5 12 D0 04 00 03 01 30 40 00
126099 <<< A5 22 D1 16 00 8D 01 30 40 00 0D 00 02 01 01 03 00 01 00 00 01 01 00 00 00 3B 01 00
126116 >>> A5 12 D1 04 00 02 01 30 40 00
128396 <<< A5 22 D2 16 00 28 01 30 40 00 0D 00 02 01 01 03 64 01 00 00 01 01 00 00 00 3B 01 00
128416 >>> A5 12 D2 04 00 01 01 30 40 00
130394 <<< A5 22 D3 16 00 25 01 30 40 00 0D 00 02 01 00 03 64 01 03 00 01 01 00 00 00 3B 01 00
130419 >>> A5 12 D3 04 00 00 01 30 40 00
175925 >>> A5 22 23 07 00 09 01 60 A2 00 00 01 01
175961 <<< A5 12 23 04 00 1E 01 60 A2 00 A5 22 D4 16 00 28 01 30 40 00 0D 00 02 01 00 01 64 01 01 00 01 01 00 00 00 3B 01 00
175987 >>> A5 12 D4 04 00 FF 01 30 40 00
178061 <<< A5 22 D5 16 00 27 01 30 40 00 0D 00 02 01 00 01 64 01 01 00 01 01 00 00 00 3B 01 00
178078 >>> A5 12 D5 04 00 FE 01 30 40 00
178127 >>> A5 22 24 07 00 07 01 60 A2 00 00 01 02
178160 <<< A5 12 24 04 00 1D 01 60 A2 00 A5 22 D6 16 00 24 01 30 40 00 0D 00 02 01 00 02 64 01 02 00 01 01 00 00 00 3B 01 00
178181 >>> A5 12 D6 04 00 FD 01 30 40 00
180525 >>> A5 22 25 07 00 05 01 60 A2 00 00 01 03
180558 <<< A5 12 25 04 00 1C 01 60 A2 00 A5 22 D7 16 00 21 01 30 40 00 0D 00 02 01 00 03 64 01 03 00 01 01 00 00 00 3B 01 00
180582 >>> A5 12 D7 04 00 FC 01 30 40 00
182623 >>> A5 22 26 07 00 06 01 60 A2 00 00 01 01
182657 <<< A5 12 26 04 00 1B 01 60 A2 00 A5 22 D8 16 00 24 01 30 40 00 0D 00 02 01 00 01 64 01 01 00 01 01 00 00 00 3B 01 00
182679 >>> A5 12 D8 04 00 FB 01 30 40 00
184123 >>> A5 22 27 07 00 04 01 60 A2 00 00 01 02
184156 <<< A5 12 27 04 00 1A 01 60 A2 00 A5 22 D9 16 00 21 01 30 40 00 0D 00 02 01 00 02 64 01 02 00 01 01 00 00 00 3B 01 00
184179 >>> A5 12 D9 04 00 FA 01 30 40 00
186023 >>> A5 22 28 07 00 02 01 60 A2 00 00 01 03
186054 <<< A5 12 28 04 00 19 01 60 A2 00 A5 22 DA 16 00 1E 01 30 40 00 0D 00 02 01 00 03 64 01 03 00 01 01 00 00 00 3B 01 00
186078 >>> A5 12 DA 04 00 F9 01 30 40 00
188024 >>> A5 22 29 07 00 03 01 60 A2 00 00 01 01
188053 <<< A5 12 29 04 00 18 01 60 A2 00 A5 22 DB 16 00 21 01 30 40 00 0D 00 02 01 00 01 64 01 01 00 01 01 00 00 00 3B 01 00
188073 >>> A5 12 DB 04 00 F8 01 30 40 00
188628 >>> A5 22 2A 07 00 01 01 60 A2 00 00 01 02
188653 <<< A5 12 2A 04 00 17 01 60 A2 00 A5 22 DC 16 00 1E 01 30 40 00 0D 00 02 01 00 02 64 01 02 00 01 01 00 00 00 3B 01 00
188674 >>> A5 12 DC 04 00 F7 01 30 40 00
189228 >>> A5 22 2B 07 00 FF 01 60 A2 00 00 01 03
189252 <<< A5 12 2B 04 00 16 01 60 A2 00 A5 22 DD 16 00 1B 01 30 40 00 0D 00 02 01 00 03 64 01 03 00 01 01 00 00 00 3B 01 00
189269 >>> A5 12 DD 04 00 F6 01 30 40 00
190529 >>> A5 22 2C 05 00 80 01 E0 A5 00 01
190551 <<< A5 12 2C 04 00 92 01 E0 A5 00 A5 22 DE 16 00 1C 01 30 40 00 0D 00 02 01 01 03 64 01 00 00 01 01 00 00 00 3B 01 00
190576 >>> A5 12 DE 04 00 F5 01 30 40 00
192628 >>> A5 22 2D 05 00 7E 01 E0 A5 00 02
192650 <<< A5 12 2D 04 00 91 01 E0 A5 00 A5 22 DF 16 00 1A 01 30 40 00 0D 00 02 01 02 03 64 01 00 00 01 01 00 00 00 3B 01 00
192679 >>> A5 12 DF 04 00 F4 01 30 40 00
195025 >>> A5 22 2E 07 00 FE 01 60 A2 00 00 01 01
195048 <<< A5 12 2E 04 00 13 01 60 A2 00 A5 22 E0 16 00 1C 01 30 40 00 0D 00 02 01 00 01 64 01 01 00 01 01 00 00 00 3B 01 00
195075 >>> A5 12 E0 04 00 F3 01 30 40 00
195928 >>> A5 22 2F 07 00 FC 01 60 A2 00 00 01 02
195948 <<< A5 12 2F 04 00 12 01 60 A2 00 A5 22 E1 16 00 19 01 30 40 00 0D 00 02 01 00 02 64 01 02 00 01 01 00 00 00 3B 01 00
195968 >>> A5 12 E1 04 00 F2 01 30 40 00
196628 >>> A5 22 30 07 00 FA 01 60 A2 00 00 01 03
196647 <<< A5 12 30 04 00 11 01 60 A2 00 A5 22 E2 16 00 16 01 30 40 00 0D 00 02 01 00 03 64 01 03 00 01 01 00 00 00 3B 01 00
196671 >>> A5 12 E2 04 00 F1 01 30 40 00
197428 >>> A5 22 31 05 00 7B 01 E0 A5 00 01
197447 <<< A5 12 31 04 00 8D 01 E0 A5 00 A5 22 E3 16 00 17 01 30 40 00 0D 00 02 01 01 03 64 01 00 00 01 01 00 00 00 3B 01 00
197471 >>> A5 12 E3 04 00 F0 01 30 40 00
198228 >>> A5 22 32 05 00 79 01 E0 A5 00 02
198246 <<< A5 12 32 04 00 8C 01 E0 A5 00 A5 22 E4 16 00 15 01 30 40 00 0D 00 02 01 02 03 64 01 00 00 01 01 00 00 00 3B 01 00
198268 >>> A5 12 E4 04 00 EF 01 30 40 00
199228 >>> A5 22 33 07 00 F9 01 60 A2 00 00 01 01
199246 <<< A5 12 33 04 00 0E 01 60 A2 00 A5 22 E5 16 00 17 01 30 40 00 0D 00 02 01 00 01 64 01 01 00 01 01 00 00 00 3B 01 00
199274 >>> A5 12 E5 04 00 EE 01 30 40 00
200029 >>> A5 22 34 07 00 F7 01 60 A2 00 00 01 02
200045 <<< A5 12 34 04 00 0D 01 60 A2 00 A5 22 E6 16 00 14 01 30 40 00 0D 00 02 01 00 02 64 01 02 00 01 01 00 00 00 3B 01 00
200068 >>> A5 12 E6 04 00 ED 01 30 40 00
200828 >>> A5 22 35 07 00 F5 01 60 A2 00 00 01 03
200845 <<< A5 12 35 04 00 0C 01 60 A2 00 A5 22 E7 16 00 11 01 30 40 00 0D 00 02 01 00 03 64 01 03 00 01 01 00 00 00 3B 01 00
200868 >>> A5 12 E7 04 00 EC 01 30 40 00
201729 >>> A5 22 36 05 00 76 01 E0 A5 00 01
201744 <<< A5 12 36 04 00 88 01 E0 A5 00 A5 22 E8 16 00 12 01 30 40 00 0D 00 02 01 01 03 64 01 00 00 01 01 00 00 00 3B 01 00
201768 >>> A5 12 E8 04 00 EB 01 30 40 00
202629 >>> A5 22 37 05 00 74 01 E0 A5 00 02
202644 <<< A5 12 37 04 00 87 01 E0 A5 00 A5 22 E9 16 00 10 01 30 40 00 0D 00 02 01 02 03 64 01 00 00 01 01 00 00 00 3B 01 00
202667 >>> A5 12 E9 04 00 EA 01 30 40 00
203729 >>> A5 22 38 07 00 F4 01 60 A2 00 00 01 01
203743 <<< A5 12 38 04 00 09 01 60 A2 00 A5 22 EA 16 00 12 01 30 40 00 0D 00 02 01 00 01 64 01 01 00 01 01 00 00 00 3B 01 00
203766 >>> A5 12 EA 04 00 E9 01 30 40 00
204424 >>> A5 22 39 07 00 F2 01 60 A2 00 00 01 02
204443 <<< A5 12 39 04 00 08 01 60 A2 00 A5 22 EB 16 00 0F 01 30 40 00 0D 00 02 01 00 02 64 01 02 00 01 01 00 00 00 3B 01 00
204462 >>> A5 12 EB 04 00 E8 01 30 40 00
205325 >>> A5 22 3A 07 00 F0 01 60 A2 00 00 01 03
205342 <<< A5 12 3A 04 00 07 01 60 A2 00 A5 22 EC 16 00 0C 01 30 40 00 0D 00 02 01 00 03 64 01 03 00 01 01 00 00 00 3B 01 00
205362 >>> A5 12 EC 04 00 E7 01 30 40 00
206125 >>> A5 22 3B 05 00 71 01 E0 A5 00 01
206141 <<< A5 12 3B 04 00 83 01 E0 A5 00 A5 22 ED 16 00 0D 01 30 40 00 0D 00 02 01 01 03 64 01 00 00 01 01 00 00 00 3B 01 00
206163 >>> A5 12 ED 04 00 E6 01 30 40 00
206923 >>> A5 22 3C 05 00 6F 01 E0 A5 00 02
206941 <<< A5 12 3C 04 00 82 01 E0 A5 00 A5 22 EE 16 00 0B 01 30 40 00 0D 00 02 01 02 03 64 01 00 00 01 01 00 00 00 3B 01 00
206965 >>> A5 12 EE 04 00 E5 01 30 40 00
207725 >>> A5 22 3D 07 00 EF 01 60 A2 00 00 01 01
207740 <<< A5 12 3D 04 00 04 01 60 A2 00 A5 22 EF 16 00 0D 01 30 40 00 0D 00 02 01 00 01 64 01 01 00 01 01 00 00 00 3B 01 00
207764 >>> A5 12 EF 04 00 E4 01 30 40 00
208724 >>> A5 22 3E 07 00 ED 01 60 A2 00 00 01 02
208739 <<< A5 12 3E 04 00 03 01 60 A2 00 A5 22 F0 16 00 0A 01 30 40 00 0D 00 02 01 00 02 64 01 02 00 01 01 00 00 00 3B 01 00
208759 >>> A5 12 F0 04 00 E3 01 30 40 00
209324 >>> A5 22 3F 07 00 EB 01 60 A2 00 00 01 03
209339 <<< A5 12 3F 04 00 02 01 60 A2 00 A5 22 F1 16 00 07 01 30 40 00 0D 00 02 01 00 03 64 01 03 00 01 01 00 00 00 3B 01 00
209361 >>> A5 12 F1 04 00 E2 01 30 40 00
210324 >>> A5 22 40 05 00 6C 01 E0 A5 00 01
210338 <<< A5 12 40 04 00 7E 01 E0 A5 00 A5 22 F2 16 00 08 01 30 40 00 0D 00 02 01 01 03 64 01 00 00 01 01 00 00 00 3B 01 00
210359 >>> A5 12 F2 04 00 E1 01 30 40 00
210824 >>> A5 22 41 05 00 6A 01 E0 A5 00 02
210837 <<< A5 12 41 04 00 7D 01 E0 A5 00 A5 22 F3 16 00 06 01 30 40 00 0D 00 02 01 02 03 64 01 00 00 01 01 00 00 00 3B 01 00
210859 >>> A5 12 F3 04 00 E0 01 30 40 00
211926 >>> A5 22 42 07 00 EA 01 60 A2 00 00 01 01
211937 <<< A5 12 42 04 00 FF 01 60 A2 00 A5 22 F4 16 00 08 01 30 40 00 0D 00 02 01 00 01 64 01 01 00 01 01 00 00 00 3B 01 00
211961 >>> A5 12 F4 04 00 DF 01 30 40 00
212625 >>> A5 22 43 07 00 E8 01 60 A2 00 00 01 02
212636 <<< A5 12 43 04 00 FE 01 60 A2 00 A5 22 F5 16 00 05 01 30 40 00 0D 00 02 01 00 02 64 01 02 00 01 01 00 00 00 3B 01 00
212659 >>> A5 12 F5 04 00 DE 01 30 40 00
214026 >>> A5 22 44 07 00 E6 01 60 A2 00 00 01 03
214035 <<< A5 12 44 04 00 FD 01 60 A2 00 A5 22 F6 16 00 02 01 30 40 00 0D 00 02 01 00 03 64 01 03 00 01 01 00 00 00 3B 01 00
214059 >>> A5 12 F6 04 00 DD 01 30 40 00
214426 >>> A5 22 45 05 00 67 01 E0 A5 00 01
214435 <<< A5 12 45 04 00 79 01 E0 A5 00 A5 22 F7 16 00 03 01 30 40 00 0D 00 02 01 01 03 64 01 00 00 01 01 00 00 00 3B 01 00
214459 >>> A5 12 F7 04 00 DC 01 30 40 00
215024 >>> A5 22 46 05 00 65 01 E0 A5 00 02
215034 <<< A5 12 46 04 00 78 01 E0 A5 00 A5 22 F8 16 00 01 01 30 40 00 0D 00 02 01 02 03 64 01 00 00 01 01 00 00 00 3B 01 00
215056 >>> A5 12 F8 04 00 DB 01 30 40 00
215929 >>> A5 22 47 07 00 E5 01 60 A2 00 00 01 01
215934 <<< A5 12 47 04 00 FA 01 60 A2 00 A5 22 F9 16 00 03 01 30 40 00 0D 00 02 01 00 01 64 01 01 00 01 01 00 00 00 3B 01 00
215959 >>> A5 12 F9 04 00 DA 01 30 40 00
217429 >>> A5 22 48 07 00 E3 01 60 A2 00 00 01 02
217433 <<< A5 12 48 04 00 F9 01 60 A2 00 A5 22 FA 16 00 00 01 30 40 00 0D 00 02 01 00 02 64 01 02 00 01 01 00 00 00 3B 01 00
217458 >>> A5 12 FA 04 00 D9 01 30 40 00
218429 >>> A5 22 49 07 00 E1 01 60 A2 00 00 01 03
218432 <<< A5 12 49 04 00 F8 01 60 A2 00 A5 22 FB 16 00 FD 01 30 40 00 0D 00 02 01 00 03 64 01 03 00 01 01 00 00 00 3B 01 00
218449 >>> A5 12 FB 04 00 D8 01 30 40 00
219029 >>> A5 22 4A 05 00 62 01 E0 A5 00 01
219032 <<< A5 12 4A 04 00 74 01 E0 A5 00 A5 22 FC 16 00 FE 01 30 40 00 0D 00 02 01 01 03 64 01 00 00 01 01 00 00 00 3B 01 00
219053 >>> A5 12 FC 04 00 D7 01 30 40 00
219929 >>> A5 22 4B 05 00 60 01 E0 A5 00 02
219931 <<< A5 12 4B 04 00 73 01 E0 A5 00 A5 22 FD 16 00 FC 01 30 40 00 0D 00 02 01 02 03 64 01 00 00 01 01 00 00 00 3B 01 00
219958 >>> A5 12 FD 04 00 D6 01 30 40 00
220729 >>> A5 22 4C 07 00 E0 01 60 A2 00 00 01 01
220731 <<< A5 12 4C 04 00 F5 01 60 A2 00 A5 22 FE 16 00 FE 01 30 40 00 0D 00 02 01 00 01 64 01 01 00 01 01 00 00 00 3B 01 00
220753 >>> A5 12 FE 04 00 D5 01 30 40 00
222229 >>> A5 22 4D 07 00 DE 01 60 A2 00 00 01 02
222280 <<< A5 12 4D 04 00 F4 01 60 A2 00
222330 <<< A5 22 FF 16 00 FB 01 30 40 00 0D 00 02 01 00 02 64 01 02 00 01 01 00 00 00 3B 01 00
222349 >>> A5 12 FF 04 00 D4 01 30 40 00
223029 >>> A5 22 4E 07 00 DC 01 60 A2 00 00 01 03
223080 <<< A5 12 4E 04 00 F3 01 60 A2 00
223130 <<< A5 22 00 16 00 F8 01 30 40 00 0D 00 02 01 00 03 64 01 03 00 01 01 00 00 00 3B 01 00
223149 >>> A5 12 00 04 00 D3 01 30 40 00
223829 >>> A5 22 4F 05 00 5D 01 E0 A5 00 01
223879 <<< A5 12 4F 04 00 6F 01 E0 A5 00
223929 <<< A5 22 01 16 00 F9 01 30 40 00 0D 00 02 01 01 03 64 01 00 00 01 01 00 00 00 3B 01 00
223950 >>> A5 12 01 04 00 D2 01 30 40 00
224729 >>> A5 22 50 05 00 5B 01 E0 A5 00 02
224779 <<< A5 12 50 04 00 6E 01 E0 A5 00
224829 <<< A5 22 02 16 00 F7 01 30 40 00 0D 00 02 01 02 03 64 01 00 00 01 01 00 00 00 3B 01 00
224849 >>> A5 12 02 04 00 D1 01 30 40 00
231535 >>> A5 22 51 07 00 DB 01 60 A2 00 00 01 01
231574 <<< A5 12 51 04 00 F0 01 60 A2 00
231624 <<< A5 22 03 16 00 F9 01 30 40 00 0D 00 02 01 00 01 64 01 01 00 01 01 00 00 00 3B 01 00
231643 >>> A5 12 03 04 00 D0 01 30 40 00
237855 >>> A5 22 52 07 00 D9 01 60 A2 00 00 01 02
237870 <<< A5 12 52 04 00 EF 01 60 A2 00
237920 <<< A5 22 04 16 00 F6 01 30 40 00 0D 00 02 01 00 02 64 01 02 00 01 01 00 00 00 3B 01 00
237934 >>> A5 12 04 04 00 CF 01 30 40 00
238020 <<< A5 22 05 16 00 F5 01 30 40 00 0D 00 02 01 00 02 64 01 02 00 01 01 00 00 00 3B 01 00
238030 >>> A5 12 05 04 00 CE 01 30 40 00
297978 <<< A5 22 06 16 00 F4 01 30 40 00 0D 00 02 01 00 02 64 01 02 00 01 01 00 00 00 3B 01 00
297982 >>> A5 12 06 04 00 CD 01 30 40 00
357937 <<< A5 22 07 16 00 F3 01 30 40 00 0D 00 02 01 00 02 64 01 02 00 01 01 00 00 00 3B 01 00
357954 >>> A5 12 07 04 00 CC 01 30 40 00
417891 <<< A5 22 08 16 00 F2 01 30 40 00 0D 00 02 01 00 02 64 01 02 00 01 01 00 00 00 3B 01 00
417897 >>> A5 12 08 04 00 CB 01 30 40 00
421388 <<< A5 22 09 16 00 F2 01 30 40 00 0D 00 02 01 00 02 64 01 02 00 01 00 00 00 00 3B 01 00
421396 >>> A5 12 09 04 00 CA 01 30 40 00
421887 <<< A5 22 0A 16 00 F0 01 30 40 00 0D 00 02 01 00 02 64 01 02 00 01 01 00 00 00 3B 01 00
421896 >>> A5 12 0A 04 00 C9 01 30 40 00
426883 <<< A5 22 0B 16 00 F0 01 30 40 00 0D 00 02 01 00 02 64 01 02 00 01 00 00 00 00 3B 01 00
426897 >>> A5 12 0B 04 00 C8 01 30 40 00
427383 <<< A5 22 0C 16 00 EE 01 30 40 00 0D 00 02 01 00 02 64 01 02 00 01 01 00 00 00 3B 01 00
427397 >>> A5 12 0C 04 00 C7 01 30 40 00
431281 >>> A5 22 53 07 00 14 01 E6 A5 00 02 3B 01
431330 <<< A5 12 53 04 00 65 01 E6 A5 00
431380 <<< A5 22 0D 16 00 EB 01 30 40 00 0D 00 02 01 00 02 64 01 02 00 01 01 00 00 02 3B 01 00
431397 >>> A5 12 0D 04 00 C6 01 30 40 00
439874 <<< A5 22 0E 16 00 EB 01 30 40 00 0D 00 02 01 00 02 64 01 02 00 01 00 00 00 02 3B 01 00
439879 >>> A5 12 0E 04 00 C5 01 30 40 00
440374 <<< A5 22 0F 16 00 E9 01 30 40 00 0D 00 02 01 00 02 64 01 02 00 01 01 00 00 02 3B 01 00
440380 >>> A5 12 0F 04 00 C4 01 30 40 00
443390 >>> A5 22 54 07 00 13 01 E6 A5 00 02 3B 01
443421 <<< A5 12 54 04 00 64 01 E6 A5 00
446599 >>> A5 22 55 07 00 84 01 E6 A5 00 02 C8 02
446619 <<< A5 12 55 04 00 63 01 E6 A5 00
461311 >>> A5 22 56 07 00 80 01 E6 A5 00 02 CC 01
461356 <<< A5 12 56 04 00 62 01 E6 A5 00
464121 >>> A5 22 57 07 00 7F 01 E6 A5 00 02 CC 01
464153 <<< A5 12 57 04 00 61 01 E6 A5 00
465431 >>> A5 22 58 07 00 0F 01 E6 A5 00 02 3B 01
465452 <<< A5 12 58 04 00 60 01 E6 A5 00
477840 <<< A5 22 10 16 00 E8 01 30 40 00 0D 00 02 01 00 02 64 01 02 00 01 01 00 00 02 3B 01 00
477849 >>> A5 12 10 04 00 C3 01 30 40 00
479542 >>> A5 22 59 07 00 0E 01 E6 A5 00 02 3B 01
479588 <<< A5 12 59 04 00 5F 01 E6 A5 00
481355 >>> A5 22 5A 07 00 0D 01 E6 A5 00 02 3B 01
481386 <<< A5 12 5A 04 00 5E 01 E6 A5 00
486168 >>> A5 22 5B 07 00 0C 01 E6 A5 00 02 3B 01
486181 <<< A5 12 5B 04 00 5D 01 E6 A5 00
490875 >>> A5 22 5C 07 00 BF 01 E6 A5 00 02 87 01
490926 <<< A5 12 5C 04 00 5C 01 E6 A5 00
517384 >>> A5 22 5D 07 00 99 01 E6 A5 00 02 AC 01
517399 <<< A5 12 5D 04 00 5B 01 E6 A5 00
519893 >>> A5 22 5E 07 00 7E 01 E6 A5 00 02 C6 01
519897 <<< A5 12 5E 04 00 5A 01 E6 A5 00
521103 >>> A5 22 5F 07 00 7D 01 E6 A5 00 02 C6 01
521145 <<< A5 12 5F 04 00 59 01 E6 A5 00
523912 >>> A5 22 60 07 00 13 01 E6 A5 00 02 2E 02
523942 <<< A5 12 60 04 00 58 01 E6 A5 00
526423 >>> A5 22 61 07 00 C7 01 E6 A5 00 02 79 02
526439 <<< A5 12 61 04 00 57 01 E6 A5 00
528436 >>> A5 22 62 07 00 64 01 E6 A5 00 02 DB 02
528487 <<< A5 12 62 04 00 56 01 E6 A5 00
530544 >>> A5 22 63 07 00 07 01 E6 A5 00 02 36 03
530585 <<< A5 12 63 04 00 55 01 E6 A5 00
532859 >>> A5 22 64 07 00 06 01 E6 A5 00 02 36 03
532882 <<< A5 12 64 04 00 54 01 E6 A5 00
534663 >>> A5 22 65 07 00 B6 01 E6 A5 00 02 85 03
534680 <<< A5 12 65 04 00 53 01 E6 A5 00
536873 >>> A5 22 66 07 00 7C 01 E6 A5 00 02 BE 03
536878 <<< A5 12 66 04 00 52 01 E6 A5 00
537777 <<< A5 22 11 16 00 62 01 30 40 00 0D 00 02 01 00 02 64 01 02 00 01 01 00 00 02 BE 03 00
537791 >>> A5 12 11 04 00 C2 01 30 40 00
540884 >>> A5 22 67 07 00 7B 01 E6 A5 00 02 BE 03
540923 <<< A5 12 67 04 00 51 01 E6 A5 00
543794 >>> A5 22 68 07 00 55 01 E6 A5 00 02 E3 03
543820 <<< A5 12 68 04 00 50 01 E6 A5 00
546604 >>> A5 22 69 07 00 54 01 E6 A5 00 02 E3 03
546618 <<< A5 12 69 04 00 4F 01 E6 A5 00
549113 >>> A5 22 6A 07 00 53 01 E6 A5 00 02 E3 03
549115 <<< A5 12 6A 04 00 4E 01 E6 A5 00
552325 >>> A5 22 6B 07 00 12 01 E6 A5 00 02 22 04
552361 <<< A5 12 6B 04 00 4D 01 E6 A5 00
554533 >>> A5 22 6C 07 00 11 01 E6 A5 00 02 22 04
554559 <<< A5 12 6C 04 00 4C 01 E6 A5 00
556944 >>> A5 22 6D 07 00 10 01 E6 A5 00 02 22 04
556957 <<< A5 12 6D 04 00 4B 01 E6 A5 00
559654 >>> A5 22 6E 07 00 C3 01 E6 A5 00 02 6E 04
559704 <<< A5 12 6E 04 00 4A 01 E6 A5 00
566164 >>> A5 22 6F 07 00 90 01 E6 A5 00 02 A0 04
566197 <<< A5 12 6F 04 00 49 01 E6 A5 00
570374 >>> A5 22 70 07 00 8F 01 E6 A5 00 02 A0 04
570393 <<< A5 12 70 04 00 48 01 E6 A5 00
571484 >>> A5 22 71 07 00 8E 01 E6 A5 00 02 A0 04
571492 <<< A5 12 71 04 00 47 01 E6 A5 00
572497 >>> A5 22 72 07 00 8D 01 E6 A5 00 02 A0 04
572541 <<< A5 12 72 04 00 46 01 E6 A5 00
573904 >>> A5 22 73 07 00 8C 01 E6 A5 00 02 A0 04
573940 <<< A5 12 73 04 00 45 01 E6 A5 00
574240 <<< A5 22 12 16 00 7F 01 30 40 00 0D 00 02 01 00 02 64 01 02 00 01 00 00 00 02 A0 04 00
574262 >>> A5 12 12 04 00 C1 01 30 40 00
574739 <<< A5 22 13 16 00 7D 01 30 40 00 0D 00 02 01 00 02 64 01 02 00 01 01 00 00 02 A0 04 00
574762 >>> A5 12 13 04 00 C0 01 30 40 00
577216 >>> A5 22 74 07 00 8B 01 E6 A5 00 02 A0 04
577236 <<< A5 12 74 04 00 44 01 E6 A5 00
581728 >>> A5 22 75 07 00 57 01 E6 A5 00 02 D3 04
581731 <<< A5 12 75 04 00 43 01 E6 A5 00
586037 >>> A5 22 76 07 00 56 01 E6 A5 00 02 D3 04
586077 <<< A5 12 76 04 00 42 01 E6 A5 00
587046 >>> A5 22 77 07 00 3C 01 E6 A5 00 02 EC 04
587076 <<< A5 12 77 04 00 41 01 E6 A5 00
590657 >>> A5 22 78 07 00 2C 01 E6 A5 00 01 00 00
590672 <<< A5 12 78 04 00 40 01 E6 A5 00
590722 <<< A5 22 14 16 00 31 01 30 40 00 0D 00 02 01 00 02 64 01 02 00 01 01 00 00 01 EC 04 00
590735 >>> A5 12 14 04 00 BF 01 30 40 00
592568 >>> A5 22 79 07 00 3A 01 E6 A5 00 02 EC 04
592570 <<< A5 12 79 04 00 3F 01 E6 A5 00
592620 <<< A5 22 15 16 00 2F 01 30 40 00 0D 00 02 01 00 02 64 01 02 00 01 01 00 00 02 EC 04 00
592643 >>> A5 12 15 04 00 BE 01 30 40 00
595979 >>> A5 22 7A 07 00 2A 01 E6 A5 00 01 00 00
596017 <<< A5 12 7A 04 00 3E 01 E6 A5 00 A5 22 16 16 00 2F 01 30 40 00 0D 00 02 01 00 02 64 01 02 00 01 01 00 00 01 EC 04 00
596035 >>> A5 12 16 04 00 BD 01 30 40 00
597287 >>> A5 22 7B 07 00 38 01 E6 A5 00 02 EC 04
597315 <<< A5 12 7B 04 00 3D 01 E6 A5 00 A5 22 17 16 00 2D 01 30 40 00 0D 00 02 01 00 02 64 01 02 00 01 01 00 00 02 EC 04 00
597326 >>> A5 12 17 04 00 BC 01 30 40 00
597716 <<< A5 22 18 16 00 2C 01 30 40 00 0D 00 02 01 00 02 64 01 02 00 01 01 00 00 02 EC 04 00
597723 >>> A5 12 18 04 00 BB 01 30 40 00
599395 >>> A5 22 7C 07 00 28 01 E6 A5 00 01 00 00
599413 <<< A5 12 7C 04 00 3C 01 E6 A5 00 A5 22 19 16 00 2C 01 30 40 00 0D 00 02 01 00 02 64 01 02 00 01 01 00 00 01 EC 04 00
599433 >>> A5 12 19 04 00 BA 01 30 40 00
600305 >>> A5 22 7D 07 00 36 01 E6 A5 00 02 EC 04
600313 <<< A5 12 7D 04 00 3B 01 E6 A5 00 A5 22 1A 16 00 2A 01 30 40 00 0D 00 02 01 00 02 64 01 02 00 01 01 00 00 02 EC 04 00
600323 >>> A5 12 1A 04 00 B9 01 30 40 00
601720 >>> A5 22 7E 07 00 E9 01 E6 A5 00 02 3B 01
601761 <<< A5 12 7E 04 00 3A 01 E6 A5 00
604625 >>> A5 22 7F 07 00 25 01 E6 A5 00 01 00 00
604658 <<< A5 12 7F 04 00 39 01 E6 A5 00
604709 <<< A5 22 1B 16 00 DE 01 30 40 00 0D 00 02 01 00 02 64 01 02 00 01 01 00 00 01 3B 01 00
604724 >>> A5 12 1B 04 00 B8 01 30 40 00
605539 >>> A5 22 80 07 00 25 01 E6 A5 00 00 00 00
605557 <<< A5 12 80 04 00 38 01 E6 A5 00
605607 <<< A5 22 1C 16 00 DE 01 30 40 00 0D 00 02 01 00 02 64 01 02 00 01 01 00 00 00 3B 01 00
605613 >>> A5 12 1C 04 00 B7 01 30 40 00
636476 <<< A5 22 1D 16 00 DB 01 30 40 00 0D 00 02 01 00 03 64 01 03 00 01 01 00 00 00 3B 01 00
636496 >>> A5 12 1D 04 00 B6 01 30 40 00
657658 <<< A5 22 1E 16 00 DA 01 30 40 00 0D 00 02 01 00 03 64 01 03 00 01 01 00 00 00 3B 01 00
657675 >>> A5 12 1E 04 00 B5 01 30 40 00
