Serial Monitor Started
12084 <<< A5 22 79 16 00 83 01 30 40 00 0D 00 02 01 00 01 64 01 01 00 01 01 00 00 00 3B 01 00
12102 >>> A5 12 79 04 00 5A 01 30 40 00
15781 <<< A5 22 7A 16 00 80 01 30 40 00 0D 00 02 01 00 02 64 01 02 00 01 01 00 00 00 3B 01 00
15802 >>> A5 12 7A 04 00 59 01 30 40 00
17979 <<< A5 22 7B 16 00 7D 01 30 40 00 0D 00 02 01 00 03 64 01 03 00 01 01 00 00 00 3B 01 00
18002 >>> A5 12 7B 04 00 58 01 30 40 00
21776 <<< A5 22 7C 16 00 80 01 30 40 00 0D 00 02 01 00 01 64 01 01 00 01 01 00 00 00 3B 01 00
21792 >>> A5 12 7C 04 00 57 01 30 40 00
22676 <<< A5 22 7D 16 00 7D 01 30 40 00 0D 00 02 01 00 02 64 01 02 00 01 01 00 00 00 3B 01 00
22694 >>> A5 12 7D 04 00 56 01 30 40 00
23275 <<< A5 22 7E 16 00 7A 01 30 40 00 0D 00 02 01 00 03 64 01 03 00 01 01 00 00 00 3B 01 00
23296 >>> A5 12 7E 04 00 55 01 30 40 00
24574 <<< A5 22 7F 16 00 7D 01 30 40 00 0D 00 02 01 00 01 64 01 01 00 01 01 00 00 00 3B 01 00
24593 >>> A5 12 7F 04 00 54 01 30 40 00
25773 <<< A5 22 80 16 00 7A 01 30 40 00 0D 00 02 01 00 02 64 01 02 00 01 01 00 00 00 3B 01 00
25795 >>> A5 12 80 04 00 53 01 30 40 00
25973 <<< A5 22 81 16 00 77 01 30 40 00 0D 00 02 01 00 03 64 01 03 00 01 01 00 00 00 3B 01 00
26000 >>> A5 12 81 04 00 52 01 30 40 00
26173 <<< A5 22 82 16 00 7A 01 30 40 00 0D 00 02 01 00 01 64 01 01 00 01 01 00 00 00 3B 01 00
26193 >>> A5 12 82 04 00 51 01 30 40 00
26373 <<< A5 22 83 16 00 77 01 30 40 00 0D 00 02 01 00 02 64 01 02 00 01 01 00 00 00 3B 01 00
26393 >>> A5 12 83 04 00 50 01 30 40 00
26572 <<< A5 22 84 16 00 74 01 30 40 00 0D 00 02 01 00 03 64 01 03 00 01 01 00 00 00 3B 01 00
26593 >>> A5 12 84 04 00 4F 01 30 40 00
26673 <<< A5 22 85 16 00 77 01 30 40 00 0D 00 02 01 00 01 64 01 01 00 01 01 00 00 00 3B 01 00
26696 >>> A5 12 85 04 00 4E 01 30 40 00
26872 <<< A5 22 86 16 00 74 01 30 40 00 0D 00 02 01 00 02 64 01 02 00 01 01 00 00 00 3B 01 00
26893 >>> A5 12 86 04 00 4D 01 30 40 00
27173 <<< A5 22 87 16 00 71 01 30 40 00 0D 00 02 01 00 03 64 01 03 00 01 01 00 00 00 3B 01 00
27194 >>> A5 12 87 04 00 4C 01 30 40 00
27372 <<< A5 22 88 16 00 74 01 30 40 00 0D 00 02 01 00 01 64 01 01 00 01 01 00 00 00 3B 01 00
27393 >>> A5 12 88 04 00 4B 01 30 40 00
27572 <<< A5 22 89 16 00 71 01 30 40 00 0D 00 02 01 00 02 64 01 02 00 01 01 00 00 00 3B 01 00
27593 >>> A5 12 89 04 00 4A 01 30 40 00
27771 <<< A5 22 8A 16 00 6E 01 30 40 00 0D 00 02 01 00 03 64 01 03 00 01 01 00 00 00 3B 01 00
27793 >>> A5 12 8A 04 00 49 01 30 40 00
27871 <<< A5 22 8B 16 00 71 01 30 40 00 0D 00 02 01 00 01 64 01 01 00 01 01 00 00 00 3B 01 00
27900 >>> A5 12 8B 04 00 48 01 30 40 00
28071 <<< A5 22 8C 16 00 6E 01 30 40 00 0D 00 02 01 00 02 64 01 02 00 01 01 00 00 00 3B 01 00
28093 >>> A5 12 8C 04 00 47 01 30 40 00
28271 <<< A5 22 8D 16 00 6B 01 30 40 00 0D 00 02 01 00 03 64 01 03 00 01 01 00 00 00 3B 01 00
28293 >>> A5 12 8D 04 00 46 01 30 40 00
28471 <<< A5 22 8E 16 00 6E 01 30 40 00 0D 00 02 01 00 01 64 01 01 00 01 01 00 00 00 3B 01 00
28493 >>> A5 12 8E 04 00 45 01 30 40 00
28571 <<< A5 22 8F 16 00 6B 01 30 40 00 0D 00 02 01 00 02 64 01 02 00 01 01 00 00 00 3B 01 00
28596 >>> A5 12 8F 04 00 44 01 30 40 00
28770 <<< A5 22 90 16 00 68 01 30 40 00 0D 00 02 01 00 03 64 01 03 00 01 01 00 00 00 3B 01 00
28793 >>> A5 12 90 04 00 43 01 30 40 00
29070 <<< A5 22 91 16 00 6B 01 30 40 00 0D 00 02 01 00 01 64 01 01 00 01 01 00 00 00 3B 01 00
29093 >>> A5 12 91 04 00 42 01 30 40 00
29270 <<< A5 22 92 16 00 68 01 30 40 00 0D 00 02 01 00 02 64 01 02 00 01 01 00 00 00 3B 01 00
29293 >>> A5 12 92 04 00 41 01 30 40 00
29370 <<< A5 22 93 16 00 65 01 30 40 00 0D 00 02 01 00 03 64 01 03 00 01 01 00 00 00 3B 01 00
29396 >>> A5 12 93 04 00 40 01 30 40 00
29570 <<< A5 22 94 16 00 68 01 30 40 00 0D 00 02 01 00 01 64 01 01 00 01 01 00 00 00 3B 01 00
29593 >>> A5 12 94 04 00 3F 01 30 40 00
29670 <<< A5 22 95 16 00 65 01 30 40 00 0D 00 02 01 00 02 64 01 02 00 01 01 00 00 00 3B 01 00
29696 >>> A5 12 95 04 00 3E 01 30 40 00
29870 <<< A5 22 96 16 00 62 01 30 40 00 0D 00 02 01 00 03 64 01 03 00 01 01 00 00 00 3B 01 00
29893 >>> A5 12 96 04 00 3D 01 30 40 00
30069 <<< A5 22 97 16 00 65 01 30 40 00 0D 00 02 01 00 01 64 01 01 00 01 01 00 00 00 3B 01 00
30094 >>> A5 12 97 04 00 3C 01 30 40 00
30269 <<< A5 22 98 16 00 62 01 30 40 00 0D 00 02 01 00 02 64 01 02 00 01 01 00 00 00 3B 01 00
30294 >>> A5 12 98 04 00 3B 01 30 40 00
30369 <<< A5 22 99 16 00 5F 01 30 40 00 0D 00 02 01 00 03 64 01 03 00 01 01 00 00 00 3B 01 00
30397 >>> A5 12 99 04 00 3A 01 30 40 00
30569 <<< A5 22 9A 16 00 62 01 30 40 00 0D 00 02 01 00 01 64 01 01 00 01 01 00 00 00 3B 01 00
30593 >>> A5 12 9A 04 00 39 01 30 40 00
30669 <<< A5 22 9B 16 00 5F 01 30 40 00 0D 00 02 01 00 02 64 01 02 00 01 01 00 00 00 3B 01 00
30696 >>> A5 12 9B 04 00 38 01 30 40 00
31069 <<< A5 22 9C 16 00 5C 01 30 40 00 0D 00 02 01 00 03 64 01 03 00 01 01 00 00 00 3B 01 00
31083 >>> A5 12 9C 04 00 37 01 30 40 00
31169 <<< A5 22 9D 16 00 5F 01 30 40 00 0D 00 02 01 00 01 64 01 01 00 01 01 00 00 00 3B 01 00
31185 >>> A5 12 9D 04 00 36 01 30 40 00
31368 <<< A5 22 9E 16 00 5C 01 30 40 00 0D 00 02 01 00 02 64 01 02 00 01 01 00 00 00 3B 01 00
31387 >>> A5 12 9E 04 00 35 01 30 40 00
31568 <<< A5 22 9F 16 00 59 01 30 40 00 0D 00 02 01 00 03 64 01 03 00 01 01 00 00 00 3B 01 00
31586 >>> A5 12 9F 04 00 34 01 30 40 00
31768 <<< A5 22 A0 16 00 5C 01 30 40 00 0D 00 02 01 00 01 64 01 01 00 01 01 00 00 00 3B 01 00
31786 >>> A5 12 A0 04 00 33 01 30 40 00
31868 <<< A5 22 A1 16 00 59 01 30 40 00 0D 00 02 01 00 02 64 01 02 00 01 01 00 00 00 3B 01 00
31882 >>> A5 12 A1 04 00 32 01 30 40 00
32068 <<< A5 22 A2 16 00 56 01 30 40 00 0D 00 02 01 00 03 64 01 03 00 01 01 00 00 00 3B 01 00
32082 >>> A5 12 A2 04 00 31 01 30 40 00
32268 <<< A5 22 A3 16 00 59 01 30 40 00 0D 00 02 01 00 01 64 01 01 00 01 01 00 00 00 3B 01 00
32282 >>> A5 12 A3 04 00 30 01 30 40 00
32468 <<< A5 22 A4 16 00 56 01 30 40 00 0D 00 02 01 00 02 64 01 02 00 01 01 00 00 00 3B 01 00
32482 >>> A5 12 A4 04 00 2F 01 30 40 00
32567 <<< A5 22 A5 16 00 53 01 30 40 00 0D 00 02 01 00 03 64 01 03 00 01 01 00 00 00 3B 01 00
32582 >>> A5 12 A5 04 00 2E 01 30 40 00
32767 <<< A5 22 A6 16 00 56 01 30 40 00 0D 00 02 01 00 01 64 01 01 00 01 01 00 00 00 3B 01 00
32782 >>> A5 12 A6 04 00 2D 01 30 40 00
32967 <<< A5 22 A7 16 00 53 01 30 40 00 0D 00 02 01 00 02 64 01 02 00 01 01 00 00 00 3B 01 00
32982 >>> A5 12 A7 04 00 2C 01 30 40 00
33168 <<< A5 22 A8 16 00 50 01 30 40 00 0D 00 02 01 00 03 64 01 03 00 01 01 00 00 00 3B 01 00
33182 >>> A5 12 A8 04 00 2B 01 30 40 00
33267 <<< A5 22 A9 16 00 53 01 30 40 00 0D 00 02 01 00 01 64 01 01 00 01 01 00 00 00 3B 01 00
33282 >>> A5 12 A9 04 00 2A 01 30 40 00
33467 <<< A5 22 AA 16 00 50 01 30 40 00 0D 00 02 01 00 02 64 01 02 00 01 01 00 00 00 3B 01 00
33482 >>> A5 12 AA 04 00 29 01 30 40 00
33866 <<< A5 22 AB 16 00 4D 01 30 40 00 0D 00 02 01 00 03 64 01 03 00 01 01 00 00 00 3B 01 00
33883 >>> A5 12 AB 04 00 28 01 30 40 00
34066 <<< A5 22 AC 16 00 50 01 30 40 00 0D 00 02 01 00 01 64 01 01 00 01 01 00 00 00 3B 01 00
34083 >>> A5 12 AC 04 00 27 01 30 40 00
34566 <<< A5 22 AD 16 00 4D 01 30 40 00 0D 00 02 01 00 02 64 01 02 00 01 01 00 00 00 3B 01 00
34582 >>> A5 12 AD 04 00 26 01 30 40 00
34966 <<< A5 22 AE 16 00 4A 01 30 40 00 0D 00 02 01 00 03 64 01 03 00 01 01 00 00 00 3B 01 00
34982 >>> A5 12 AE 04 00 25 01 30 40 00
36764 <<< A5 22 AF 16 00 4B 01 30 40 00 0D 00 02 01 01 03 64 01 00 00 01 01 00 00 00 3B 01 00
36782 >>> A5 12 AF 04 00 24 01 30 40 00
38863 <<< A5 22 B0 16 00 48 01 30 40 00 0D 00 02 01 00 03 64 01 03 00 01 01 00 00 00 3B 01 00
38883 >>> A5 12 B0 04 00 23 01 30 40 00
39663 <<< A5 22 B1 16 00 49 01 30 40 00 0D 00 02 01 01 03 64 01 00 00 01 01 00 00 00 3B 01 00
39688 >>> A5 12 B1 04 00 22 01 30 40 00
40262 <<< A5 22 B2 16 00 46 01 30 40 00 0D 00 02 01 00 03 64 01 03 00 01 01 00 00 00 3B 01 00
40285 >>> A5 12 B2 04 00 21 01 30 40 00
41061 <<< A5 22 B3 16 00 47 01 30 40 00 0D 00 02 01 01 03 64 01 00 00 01 01 00 00 00 3B 01 00
41083 >>> A5 12 B3 04 00 20 01 30 40 00
41461 <<< A5 22 B4 16 00 44 01 30 40 00 0D 00 02 01 00 03 64 01 03 00 01 01 00 00 00 3B 01 00
41483 >>> A5 12 B4 04 00 1F 01 30 40 00
41961 <<< A5 22 B5 16 00 45 01 30 40 00 0D 00 02 01 01 03 64 01 00 00 01 01 00 00 00 3B 01 00
41983 >>> A5 12 B5 04 00 1E 01 30 40 00
42560 <<< A5 22 B6 16 00 42 01 30 40 00 0D 00 02 01 00 03 64 01 03 00 01 01 00 00 00 3B 01 00
42583 >>> A5 12 B6 04 00 1D 01 30 40 00
43060 <<< A5 22 B7 16 00 43 01 30 40 00 0D 00 02 01 01 03 64 01 00 00 01 01 00 00 00 3B 01 00
43083 >>> A5 12 B7 04 00 1C 01 30 40 00
43460 <<< A5 22 B8 16 00 40 01 30 40 00 0D 00 02 01 00 03 64 01 03 00 01 01 00 00 00 3B 01 00
43483 >>> A5 12 B8 04 00 1B 01 30 40 00
43959 <<< A5 22 B9 16 00 41 01 30 40 00 0D 00 02 01 01 03 64 01 00 00 01 01 00 00 00 3B 01 00
43984 >>> A5 12 B9 04 00 1A 01 30 40 00
44459 <<< A5 22 BA 16 00 3E 01 30 40 00 0D 00 02 01 00 03 64 01 03 00 01 01 00 00 00 3B 01 00
44477 >>> A5 12 BA 04 00 19 01 30 40 00
44959 <<< A5 22 BB 16 00 3F 01 30 40 00 0D 00 02 01 01 03 64 01 00 00 01 01 00 00 00 3B 01 00
44976 >>> A5 12 BB 04 00 18 01 30 40 00
45359 <<< A5 22 BC 16 00 3C 01 30 40 00 0D 00 02 01 00 03 64 01 03 00 01 01 00 00 00 3B 01 00
45376 >>> A5 12 BC 04 00 17 01 30 40 00
45758 <<< A5 22 BD 16 00 3D 01 30 40 00 0D 00 02 01 01 03 64 01 00 00 01 01 00 00 00 3B 01 00
45777 >>> A5 12 BD 04 00 16 01 30 40 00
48158 <<< A5 22 BE 16 00 A0 01 30 40 00 0D 00 02 01 01 03 00 01 00 00 01 01 00 00 00 3B 01 00
48173 >>> A5 12 BE 04 00 15 01 30 40 00
49356 <<< A5 22 BF 16 00 3B 01 30 40 00 0D 00 02 01 01 03 64 01 00 00 01 01 00 00 00 3B 01 00
49373 >>> A5 12 BF 04 00 14 01 30 40 00
52154 <<< A5 22 C0 16 00 38 01 30 40 00 0D 00 02 01 00 03 64 01 03 00 01 01 00 00 00 3B 01 00
52179 >>> A5 12 C0 04 00 13 01 30 40 00
55052 <<< A5 22 C1 16 00 39 01 30 40 00 0D 00 02 01 01 03 64 01 00 00 01 01 00 00 00 3B 01 00
55073 >>> A5 12 C1 04 00 12 01 30 40 00
57151 <<< A5 22 C2 16 00 9C 01 30 40 00 0D 00 02 01 01 03 00 01 00 00 01 01 00 00 00 3B 01 00
57173 >>> A5 12 C2 04 00 11 01 30 40 00
58150 <<< A5 22 C3 16 00 9B 01 30 40 00 0D 00 02 01 01 03 00 01 00 00 01 01 00 00 00 3B 01 00
58155 >>> A5 12 C3 04 00 10 01 30 40 00
77836 <<< A5 22 C4 16 00 36 01 30 40 00 0D 00 02 01 01 03 64 01 00 00 01 01 00 00 00 3B 01 00
77854 >>> A5 12 C4 04 00 0F 01 30 40 00
80135 <<< A5 22 C5 16 00 99 01 30 40 00 0D 00 02 01 01 03 00 01 00 00 01 01 00 00 00 3B 01 00
80154 >>> A5 12 C5 04 00 0E 01 30 40 00
86928 <<< A5 22 C6 16 00 34 01 30 40 00 0D 00 02 01 01 03 64 01 00 00 01 01 00 00 00 3B 01 00
86941 >>> A5 12 C6 04 00 0D 01 30 40 00
89127 <<< A5 22 C7 16 00 97 01 30 40 00 0D 00 02 01 01 03 00 01 00 00 01 01 00 00 00 3B 01 00
89143 >>> A5 12 C7 04 00 0C 01 30 40 00
94622 <<< A5 22 C8 16 00 32 01 30 40 00 0D 00 02 01 01 03 64 01 00 00 01 01 00 00 00 3B 01 00
94635 >>> A5 12 C8 04 00 0B 01 30 40 00
97121 <<< A5 22 C9 16 00 95 01 30 40 00 0D 00 02 01 01 03 00 01 00 00 01 01 00 00 00 3B 01 00
97136 >>> A5 12 C9 04 00 0A 01 30 40 00
100817 <<< A5 22 CA 16 00 30 01 30 40 00 0D 00 02 01 01 03 64 01 00 00 01 01 00 00 00 3B 01 00
100835 >>> A5 12 CA 04 00 09 01 30 40 00
101416 <<< A5 22 CB 16 00 2E 01 30 40 00 0D 00 02 01 02 03 64 01 00 00 01 01 00 00 00 3B 01 00
101439 >>> A5 12 CB 04 00 08 01 30 40 00
106612 <<< A5 22 CC 16 00 2C 01 30 40 00 0D 00 02 01 02 03 64 01 00 00 01 02 00 00 00 3B 01 00
106635 >>> A5 12 CC 04 00 07 01 30 40 00
107111 <<< A5 22 CD 16 00 2C 01 30 40 00 0D 00 02 01 02 03 64 01 00 00 01 01 00 00 00 3B 01 00
107115 >>> A5 12 CD 04 00 06 01 30 40 00
114506 <<< A5 22 CE 16 00 2A 01 30 40 00 0D 00 02 01 00 03 64 01 03 00 01 01 00 00 00 3B 01 00
114523 >>> A5 12 CE 04 00 05 01 30 40 00
118104 <<< A5 22 CF 16 00 29 01 30 40 00 0D 00 02 01 00 03 64 01 03 00 01 01 00 00 00 3B 01 00
118115 >>> A5 12 CF 04 00 04 01 30 40 00
123799 <<< A5 22 D0 16 00 2A 01 30 40 00 0D 00 02 01 01 03 64 01 00 00 01 01 00 00 00 3B 01 00
123816 >>> A5 12 D0 04 00 03 01 30 40 00
126099 <<< A5 22 D1 16 00 8D 01 30 40 00 0D 00 02 01 01 03 00 01 00 00 01 01 00 00 00 3B 01 00
126116 >>> A5 12 D1 04 00 02 01 30 40 00
128396 <<< A5 22 D2 16 00 28 01 30 40 00 0D 00 02 01 01 03 64 01 00 00 01 01 00 00 00 3B 01 00
128416 >>> A5 12 D2 04 00 01 01 30 40 00
130394 <<< A5 22 D3 16 00 25 01 30 40 00 0D 00 02 01 00 03 64 01 03 00 01 01 00 00 00 3B 01 00
130419 >>> A5 12 D3 04 00 00 01 30 40 00
175925 >>> A5 22 23 07 00 09 01 60 A2 00 00 01 01
175961 <<< A5 12 23 04 00 1E 01 60 A2 00 A5 22 D4 16 00 28 01 30 40 00 0D 00 02 01 00 01 64 01 01 00 01 01 00 00 00 3B 01 00
175987 >>> A5 12 D4 04 00 FF 01 30 40 00
178061 <<< A5 22 D5 16 00 27 01 30 40 00 0D 00 02 01 00 01 64 01 01 00 01 01 00 00 00 3B 01 00
178078 >>> A5 12 D5 04 00 FE 01 30 40 00
178127 >>> A5 22 24 07 00 07 01 60 A2 00 00 01 02
178160 <<< A5 12 24 04 00 1D 01 60 A2 00 A5 22 D6 16 00 24 01 30 40 00 0D 00 02 01 00 02 64 01 02 00 01 01 00 00 00 3B 01 00
178181 >>> A5 12 D6 04 00 FD 01 30 40 00
180525 >>> A5 22 25 07 00 05 01 60 A2 00 00 01 03
180558 <<< A5 12 25 04 00 1C 01 60 A2 00 A5 22 D7 16 00 21 01 30 40 00 0D 00 02 01 00 03 64 01 03 00 01 01 00 00 00 3B 01 00
180582 >>> A5 12 D7 04 00 FC 01 30 40 00
182623 >>> A5 22 26 07 00 06 01 60 A2 00 00 01 01
182657 <<< A5 12 26 04 00 1B 01 60 A2 00 A5 22 D8 16 00 24 01 30 40 00 0D 00 02 01 00 01 64 01 01 00 01 01 00 00 00 3B 01 00
182679 >>> A5 12 D8 04 00 FB 01 30 40 00
184123 >>> A5 22 27 07 00 04 01 60 A2 00 00 01 02
184156 <<< A5 12 27 04 00 1A 01 60 A2 00 A5 22 D9 16 00 21 01 30 40 00 0D 00 02 01 00 02 64 01 02 00 01 01 00 00 00 3B 01 00
184179 >>> A5 12 D9 04 00 FA 01 30 40 00
186023 >>> A5 22 28 07 00 02 01 60 A2 00 00 01 03
186054 <<< A5 12 28 04 00 19 01 60 A2 00 A5 22 DA 16 00 1E 01 30 40 00 0D 00 02 01 00 03 64 01 03 00 01 01 00 00 00 3B 01 00
186078 >>> A5 12 DA 04 00 F9 01 30 40 00
188024 >>> A5 22 29 07 00 03 01 60 A2 00 00 01 01
188053 <<< A5 12 29 04 00 18 01 60 A2 00 A5 22 DB 16 00 21 01 30 40 00 0D 00 02 01 00 01 64 01 01 00 01 01 00 00 00 3B 01 00
188073 >>> A5 12 DB 04 00 F8 01 30 40 00
188628 >>> A5 22 2A 07 00 01 01 60 A2 00 00 01 02
188653 <<< A5 12 2A 04 00 17 01 60 A2 00 A5 22 DC 16 00 1E 01 30 40 00 0D 00 02 01 00 02 64 01 02 00 01 01 00 00 00 3B 01 00
188674 >>> A5 12 DC 04 00 F7 01 30 40 00
189228 >>> A5 22 2B 07 00 FF 01 60 A2 00 00 01 03
189252 <<< A5 12 2B 04 00 16 01 60 A2 00 A5 22 DD 16 00 1B 01 30 40 00 0D 00 02 01 00 03 64 01 03 00 01 01 00 00 00 3B 01 00
189269 >>> A5 12 DD 04 00 F6 01 30 40 00
190529 >>> A5 22 2C 05 00 80 01 E0 A5 00 01
190551 <<< A5 12 2C 04 00 92 01 E0 A5 00 A5 22 DE 16 00 1C 01 30 40 00 0D 00 02 01 01 03 64 01 00 00 01 01 00 00 00 3B 01 00
190576 >>> A5 12 DE 04 00 F5 01 30 40 00
192628 >>> A5 22 2D 05 00 7E 01 E0 A5 00 02
192650 <<< A5 12 2D 04 00 91 01 E0 A5 00 A5 22 DF 16 00 1A 01 30 40 00 0D 00 02 01 02 03 64 01 00 00 01 01 00 00 00 3B 01 00
192679 >>> A5 12 DF 04 00 F4 01 30 40 00
195025 >>> A5 22 2E 07 00 FE 01 60 A2 00 00 01 01
195048 <<< A5 12 2E 04 00 13 01 60 A2 00 A5 22 E0 16 00 1C 01 30 40 00 0D 00 02 01 00 01 64 01 01 00 01 01 00 00 00 3B 01 00
195075 >>> A5 12 E0 04 00 F3 01 30 40 00
195928 >>> A5 22 2F 07 00 FC 01 60 A2 00 00 01 02
195948 <<< A5 12 2F 04 00 12 01 60 A2 00 A5 22 E1 16 00 19 01 30 40 00 0D 00 02 01 00 02 64 01 02 00 01 01 00 00 00 3B 01 00
195968 >>> A5 12 E1 04 00 F2 01 30 40 00
196628 >>> A5 22 30 07 00 FA 01 60 A2 00 00 01 03
196647 <<< A5 12 30 04 00 11 01 60 A2 00 A5 22 E2 16 00 16 01 30 40 00 0D 00 02 01 00 03 64 01 03 00 01 01 00 00 00 3B 01 00
196671 >>> A5 12 E2 04 00 F1 01 30 40 00
197428 >>> A5 22 31 05 00 7B 01 E0 A5 00 01
197447 <<< A5 12 31 04 00 8D 01 E0 A5 00 A5 22 E3 16 00 17 01 30 40 00 0D 00 02 01 01 03 64 01 00 00 01 01 00 00 00 3B 01 00
197471 >>> A5 12 E3 04 00 F0 01 30 40 00
198228 >>> A5 22 32 05 00 79 01 E0 A5 00 02
198246 <<< A5 12 32 04 00 8C 01 E0 A5 00 A5 22 E4 16 00 15 01 30 40 00 0D 00 02 01 02 03 64 01 00 00 01 01 00 00 00 3B 01 00
198268 >>> A5 12 E4 04 00 EF 01 30 40 00
199228 >>> A5 22 33 07 00 F9 01 60 A2 00 00 01 01
199246 <<< A5 12 33 04 00 0E 01 60 A2 00 A5 22 E5 16 00 17 01 30 40 00 0D 00 02 01 00 01 64 01 01 00 01 01 00 00 00 3B 01 00
199274 >>> A5 12 E5 04 00 EE 01 30 40 00
200029 >>> A5 22 34 07 00 F7 01 60 A2 00 00 01 02
200045 <<< A5 12 34 04 00 0D 01 60 A2 00 A5 22 E6 16 00 14 01 30 40 00 0D 00 02 01 00 02 64 01 02 00 01 01 00 00 00 3B 01 00
200068 >>> A5 12 E6 04 00 ED 01 30 40 00
200828 >>> A5 22 35 07 00 F5 01 60 A2 00 00 01 03
200845 <<< A5 12 35 04 00 0C 01 60 A2 00 A5 22 E7 16 00 11 01 30 40 00 0D 00 02 01 00 03 64 01 03 00 01 01 00 00 00 3B 01 00
200868 >>> A5 12 E7 04 00 EC 01 30 40 00
201729 >>> A5 22 36 05 00 76 01 E0 A5 00 01
201744 <<< A5 12 36 04 00 88 01 E0 A5 00 A5 22 E8 16 00 12 01 30 40 00 0D 00 02 01 01 03 64 01 00 00 01 01 00 00 00 3B 01 00
201768 >>> A5 12 E8 04 00 EB 01 30 40 00
202629 >>> A5 22 37 05 00 74 01 E0 A5 00 02
202644 <<< A5 12 37 04 00 87 01 E0 A5 00 A5 22 E9 16 00 10 01 30 40 00 0D 00 02 01 02 03 64 01 00 00 01 01 00 00 00 3B 01 00
202667 >>> A5 12 E9 04 00 EA 01 30 40 00
203729 >>> A5 22 38 07 00 F4 01 60 A2 00 00 01 01
203743 <<< A5 12 38 04 00 09 01 60 A2 00 A5 22 EA 16 00 12 01 30 40 00 0D 00 02 01 00 01 64 01 01 00 01 01 00 00 00 3B 01 00
203766 >>> A5 12 EA 04 00 E9 01 30 40 00
204424 >>> A5 22 39 07 00 F2 01 60 A2 00 00 01 02
204443 <<< A5 12 39 04 00 08 01 60 A2 00 A5 22 EB 16 00 0F 01 30 40 00 0D 00 02 01 00 02 64 01 02 00 01 01 00 00 00 3B 01 00
204462 >>> A5 12 EB 04 00 E8 01 30 40 00
205325 >>> A5 22 3A 07 00 F0 01 60 A2 00 00 01 03
205342 <<< A5 12 3A 04 00 07 01 60 A2 00 A5 22 EC 16 00 0C 01 30 40 00 0D 00 02 01 00 03 64 01 03 00 01 01 00 00 00 3B 01 00
205362 >>> A5 12 EC 04 00 E7 01 30 40 00
206125 >>> A5 22 3B 05 00 71 01 E0 A5 00 01
206141 <<< A5 12 3B 04 00 83 01 E0 A5 00 A5 22 ED 16 00 0D 01 30 40 00 0D 00 02 01 01 03 64 01 00 00 01 01 00 00 00 3B 01 00
206163 >>> A5 12 ED 04 00 E6 01 30 40 00
206923 >>> A5 22 3C 05 00 6F 01 E0 A5 00 02
206941 <<< A5 12 3C 04 00 82 01 E0 A5 00 A5 22 EE 16 00 0B 01 30 40 00 0D 00 02 01 02 03 64 01 00 00 01 01 00 00 00 3B 01 00
206965 >>> A5 12 EE 04 00 E5 01 30 40 00
207725 >>> A5 22 3D 07 00 EF 01 60 A2 00 00 01 01
207740 <<< A5 12 3D 04 00 04 01 60 A2 00 A5 22 EF 16 00 0D 01 30 40 00 0D 00 02 01 00 01 64 01 01 00 01 01 00 00 00 3B 01 00
207764 >>> A5 12 EF 04 00 E4 01 30 40 00
208724 >>> A5 22 3E 07 00 ED 01 60 A2 00 00 01 02
208739 <<< A5 12 3E 04 00 03 01 60 A2 00 A5 22 F0 16 00 0A 01 30 40 00 0D 00 02 01 00 02 64 01 02 00 01 01 00 00 00 3B 01 00
208759 >>> A5 12 F0 04 00 E3 01 30 40 00
209324 >>> A5 22 3F 07 00 EB 01 60 A2 00 00 01 03
209339 <<< A5 12 3F 04 00 02 01 60 A2 00 A5 22 F1 16 00 07 01 30 40 00 0D 00 02 01 00 03 64 01 03 00 01 01 00 00 00 3B 01 00
209361 >>> A5 12 F1 04 00 E2 01 30 40 00
210324 >>> A5 22 40 05 00 6C 01 E0 A5 00 01
210338 <<< A5 12 40 04 00 7E 01 E0 A5 00 A5 22 F2 16 00 08 01 30 40 00 0D 00 02 01 01 03 64 01 00 00 01 01 00 00 00 3B 01 00
210359 >>> A5 12 F2 04 00 E1 01 30 40 00
210824 >>> A5 22 41 05 00 6A 01 E0 A5 00 02
210837 <<< A5 12 41 04 00 7D 01 E0 A5 00 A5 22 F3 16 00 06 01 30 40 00 0D 00 02 01 02 03 64 01 00 00 01 01 00 00 00 3B 01 00
210859 >>> A5 12 F3 04 00 E0 01 30 40 00
211926 >>> A5 22 42 07 00 EA 01 60 A2 00 00 01 01
211937 <<< A5 12 42 04 00 FF 01 60 A2 00 A5 22 F4 16 00 08 01 30 40 00 0D 00 02 01 00 01 64 01 01 00 01 01 00 00 00 3B 01 00
211961 >>> A5 12 F4 04 00 DF 01 30 40 00
212625 >>> A5 22 43 07 00 E8 01 60 A2 00 00 01 02
212636 <<< A5 12 43 04 00 FE 01 60 A2 00 A5 22 F5 16 00 05 01 30 40 00 0D 00 02 01 00 02 64 01 02 00 01 01 00 00 00 3B 01 00
212659 >>> A5 12 F5 04 00 DE 01 30 40 00
214026 >>> A5 22 44 07 00 E6 01 60 A2 00 00 01 03
214035 <<< A5 12 44 04 00 FD 01 60 A2 00 A5 22 F6 16 00 02 01 30 40 00 0D 00 02 01 00 03 64 01 03 00 01 01 00 00 00 3B 01 00
214059 >>> A5 12 F6 04 00 DD 01 30 40 00
214426 >>> A5 22 45 05 00 67 01 E0 A5 00 01
214435 <<< A5 12 45 04 00 79 01 E0 A5 00 A5 22 F7 16 00 03 01 30 40 00 0D 00 02 01 01 03 64 01 00 00 01 01 00 00 00 3B 01 00
214459 >>> A5 12 F7 04 00 DC 01 30 40 00
215024 >>> A5 22 46 05 00 65 01 E0 A5 00 02
215034 <<< A5 12 46 04 00 78 01 E0 A5 00 A5 22 F8 16 00 01 01 30 40 00 0D 00 02 01 02 03 64 01 00 00 01 01 00 00 00 3B 01 00
215056 >>> A5 12 F8 04 00 DB 01 30 40 00
215929 >>> A5 22 47 07 00 E5 01 60 A2 00 00 01 01
215934 <<< A5 12 47 04 00 FA 01 60 A2 00 A5 22 F9 16 00 03 01 30 40 00 0D 00 02 01 00 01 64 01 01 00 01 01 00 00 00 3B 01 00
215959 >>> A5 12 F9 04 00 DA 01 30 40 00
217429 >>> A5 22 48 07 00 E3 01 60 A2 00 00 01 02
217433 <<< A5 12 48 04 00 F9 01 60 A2 00 A5 22 FA 16 00 00 01 30 40 00 0D 00 02 01 00 02 64 01 02 00 01 01 00 00 00 3B 01 00
217458 >>> A5 12 FA 04 00 D9 01 30 40 00
218429 >>> A5 22 49 07 00 E1 01 60 A2 00 00 01 03
218432 <<< A5 12 49 04 00 F8 01 60 A2 00 A5 22 FB 16 00 FD 01 30 40 00 0D 00 02 01 00 03 64 01 03 00 01 01 00 00 00 3B 01 00
218449 >>> A5 12 FB 04 00 D8 01 30 40 00
219029 >>> A5 22 4A 05 00 62 01 E0 A5 00 01
219032 <<< A5 12 4A 04 00 74 01 E0 A5 00 A5 22 FC 16 00 FE 01 30 40 00 0D 00 02 01 01 03 64 01 00 00 01 01 00 00 00 3B 01 00
219053 >>> A5 12 FC 04 00 D7 01 30 40 00
219929 >>> A5 22 4B 05 00 60 01 E0 A5 00 02
219931 <<< A5 12 4B 04 00 73 01 E0 A5 00 A5 22 FD 16 00 FC 01 30 40 00 0D 00 02 01 02 03 64 01 00 00 01 01 00 00 00 3B 01 00
219958 >>> A5 12 FD 04 00 D6 01 30 40 00
220729 >>> A5 22 4C 07 00 E0 01 60 A2 00 00 01 01
220731 <<< A5 12 4C 04 00 F5 01 60 A2 00 A5 22 FE 16 00 FE 01 30 40 00 0D 00 02 01 00 01 64 01 01 00 01 01 00 00 00 3B 01 00
220753 >>> A5 12 FE 04 00 D5 01 30 40 00
222229 >>> A5 22 4D 07 00 DE 01 60 A2 00 00 01 02
222280 <<< A5 12 4D 04 00 F4 01 60 A2 00
222330 <<< A5 22 FF 16 00 FB 01 30 40 00 0D 00 02 01 00 02 64 01 02 00 01 01 00 00 00 3B 01 00
222349 >>> A5 12 FF 04 00 D4 01 30 40 00
223029 >>> A5 22 4E 07 00 DC 01 60 A2 00 00 01 03
223080 <<< A5 12 4E 04 00 F3 01 60 A2 00
223130 <<< A5 22 00 16 00 F8 01 30 40 00 0D 00 02 01 00 03 64 01 03 00 01 01 00 00 00 3B 01 00
223149 >>> A5 12 00 04 00 D3 01 30 40 00
223829 >>> A5 22 4F 05 00 5D 01 E0 A5 00 01
223879 <<< A5 12 4F 04 00 6F 01 E0 A5 00
223929 <<< A5 22 01 16 00 F9 01 30 40 00 0D 00 02 01 01 03 64 01 00 00 01 01 00 00 00 3B 01 00
223950 >>> A5 12 01 04 00 D2 01 30 40 00
224729 >>> A5 22 50 05 00 5B 01 E0 A5 00 02
224779 <<< A5 12 50 04 00 6E 01 E0 A5 00
224829 <<< A5 22 02 16 00 F7 01 30 40 00 0D 00 02 01 02 03 64 01 00 00 01 01 00 00 00 3B 01 00
224849 >>> A5 12 02 04 00 D1 01 30 40 00
231535 >>> A5 22 51 07 00 DB 01 60 A2 00 00 01 01
231574 <<< A5 12 51 04 00 F0 01 60 A2 00
231624 <<< A5 22 03 16 00 F9 01 30 40 00 0D 00 02 01 00 01 64 01 01 00 01 01 00 00 00 3B 01 00
231643 >>> A5 12 03 04 00 D0 01 30 40 00
237855 >>> A5 22 52 07 00 D9 01 60 A2 00 00 01 02
237870 <<< A5 12 52 04 00 EF 01 60 A2 00
237920 <<< A5 22 04 16 00 F6 01 30 40 00 0D 00 02 01 00 02 64 01 02 00 01 01 00 00 00 3B 01 00
237934 >>> A5 12 04 04 00 CF 01 30 40 00
238020 <<< A5 22 05 16 00 F5 01 30 40 00 0D 00 02 01 00 02 64 01 02 00 01 01 00 00 00 3B 01 00
238030 >>> A5 12 05 04 00 CE 01 30 40 00
297978 <<< A5 22 06 16 00 F4 01 30 40 00 0D 00 02 01 00 02 64 01 02 00 01 01 00 00 00 3B 01 00
297982 >>> A5 12 06 04 00 CD 01 30 40 00
357937 <<< A5 22 07 16 00 F3 01 30 40 00 0D 00 02 01 00 02 64 01 02 00 01 01 00 00 00 3B 01 00
357954 >>> A5 12 07 04 00 CC 01 30 40 00
417891 <<< A5 22 08 16 00 F2 01 30 40 00 0D 00 02 01 00 02 64 01 02 00 01 01 00 00 00 3B 01 00
417897 >>> A5 12 08 04 00 CB 01 30 40 00
421388 <<< A5 22 09 16 00 F2 01 30 40 00 0D 00 02 01 00 02 64 01 02 00 01 00 00 00 00 3B 01 00
421396 >>> A5 12 09 04 00 CA 01 30 40 00
421887 <<< A5 22 0A 16 00 F0 01 30 40 00 0D 00 02 01 00 02 64 01 02 00 01 01 00 00 00 3B 01 00
421896 >>> A5 12 0A 04 00 C9 01 30 40 00
426883 <<< A5 22 0B 16 00 F0 01 30 40 00 0D 00 02 01 00 02 64 01 02 00 01 00 00 00 00 3B 01 00
426897 >>> A5 12 0B 04 00 C8 01 30 40 00
427383 <<< A5 22 0C 16 00 EE 01 30 40 00 0D 00 02 01 00 02 64 01 02 00 01 01 00 00 00 3B 01 00
427397 >>> A5 12 0C 04 00 C7 01 30 40 00
431281 >>> A5 22 53 07 00 14 01 E6 A5 00 02 3B 01
431330 <<< A5 12 53 04 00 65 01 E6 A5 00
431380 <<< A5 22 0D 16 00 EB 01 30 40 00 0D 00 02 01 00 02 64 01 02 00 01 01 00 00 02 3B 01 00
431397 >>> A5 12 0D 04 00 C6 01 30 40 00
439874 <<< A5 22 0E 16 00 EB 01 30 40 00 0D 00 02 01 00 02 64 01 02 00 01 00 00 00 02 3B 01 00
439879 >>> A5 12 0E 04 00 C5 01 30 40 00
440374 <<< A5 22 0F 16 00 E9 01 30 40 00 0D 00 02 01 00 02 64 01 02 00 01 01 00 00 02 3B 01 00
440380 >>> A5 12 0F 04 00 C4 01 30 40 00
443390 >>> A5 22 54 07 00 13 01 E6 A5 00 02 3B 01
443421 <<< A5 12 54 04 00 64 01 E6 A5 00
446599 >>> A5 22 55 07 00 84 01 E6 A5 00 02 C8 02
446619 <<< A5 12 55 04 00 63 01 E6 A5 00
461311 >>> A5 22 56 07 00 80 01 E6 A5 00 02 CC 01
461356 <<< A5 12 56 04 00 62 01 E6 A5 00
464121 >>> A5 22 57 07 00 7F 01 E6 A5 00 02 CC 01
464153 <<< A5 12 57 04 00 61 01 E6 A5 00
465431 >>> A5 22 58 07 00 0F 01 E6 A5 00 02 3B 01
465452 <<< A5 12 58 04 00 60 01 E6 A5 00
477840 <<< A5 22 10 16 00 E8 01 30 40 00 0D 00 02 01 00 02 64 01 02 00 01 01 00 00 02 3B 01 00
477849 >>> A5 12 10 04 00 C3 01 30 40 00
479542 >>> A5 22 59 07 00 0E 01 E6 A5 00 02 3B 01
479588 <<< A5 12 59 04 00 5F 01 E6 A5 00
481355 >>> A5 22 5A 07 00 0D 01 E6 A5 00 02 3B 01
481386 <<< A5 12 5A 04 00 5E 01 E6 A5 00
486168 >>> A5 22 5B 07 00 0C 01 E6 A5 00 02 3B 01
486181 <<< A5 12 5B 04 00 5D 01 E6 A5 00
490875 >>> A5 22 5C 07 00 BF 01 E6 A5 00 02 87 01
490926 <<< A5 12 5C 04 00 5C 01 E6 A5 00
517384 >>> A5 22 5D 07 00 99 01 E6 A5 00 02 AC 01
517399 <<< A5 12 5D 04 00 5B 01 E6 A5 00
519893 >>> A5 22 5E 07 00 7E 01 E6 A5 00 02 C6 01
519897 <<< A5 12 5E 04 00 5A 01 E6 A5 00
521103 >>> A5 22 5F 07 00 7D 01 E6 A5 00 02 C6 01
521145 <<< A5 12 5F 04 00 59 01 E6 A5 00
523912 >>> A5 22 60 07 00 13 01 E6 A5 00 02 2E 02
523942 <<< A5 12 60 04 00 58 01 E6 A5 00
526423 >>> A5 22 61 07 00 C7 01 E6 A5 00 02 79 02
526439 <<< A5 12 61 04 00 57 01 E6 A5 00
528436 >>> A5 22 62 07 00 64 01 E6 A5 00 02 DB 02
528487 <<< A5 12 62 04 00 56 01 E6 A5 00
530544 >>> A5 22 63 07 00 07 01 E6 A5 00 02 36 03
530585 <<< A5 12 63 04 00 55 01 E6 A5 00
532859 >>> A5 22 64 07 00 06 01 E6 A5 00 02 36 03
532882 <<< A5 12 64 04 00 54 01 E6 A5 00
534663 >>> A5 22 65 07 00 B6 01 E6 A5 00 02 85 03
534680 <<< A5 12 65 04 00 53 01 E6 A5 00
536873 >>> A5 22 66 07 00 7C 01 E6 A5 00 02 BE 03
536878 <<< A5 12 66 04 00 52 01 E6 A5 00
537777 <<< A5 22 11 16 00 62 01 30 40 00 0D 00 02 01 00 02 64 01 02 00 01 01 00 00 02 BE 03 00
537791 >>> A5 12 11 04 00 C2 01 30 40 00
540884 >>> A5 22 67 07 00 7B 01 E6 A5 00 02 BE 03
540923 <<< A5 12 67 04 00 51 01 E6 A5 00
543794 >>> A5 22 68 07 00 55 01 E6 A5 00 02 E3 03
543820 <<< A5 12 68 04 00 50 01 E6 A5 00
546604 >>> A5 22 69 07 00 54 01 E6 A5 00 02 E3 03
546618 <<< A5 12 69 04 00 4F 01 E6 A5 00
549113 >>> A5 22 6A 07 00 53 01 E6 A5 00 02 E3 03
549115 <<< A5 12 6A 04 00 4E 01 E6 A5 00
552325 >>> A5 22 6B 07 00 12 01 E6 A5 00 02 22 04
552361 <<< A5 12 6B 04 00 4D 01 E6 A5 00
554533 >>> A5 22 6C 07 00 11 01 E6 A5 00 02 22 04
554559 <<< A5 12 6C 04 00 4C 01 E6 A5 00
556944 >>> A5 22 6D 07 00 10 01 E6 A5 00 02 22 04
556957 <<< A5 12 6D 04 00 4B 01 E6 A5 00
559654 >>> A5 22 6E 07 00 C3 01 E6 A5 00 02 6E 04
559704 <<< A5 12 6E 04 00 4A 01 E6 A5 00
566164 >>> A5 22 6F 07 00 90 01 E6 A5 00 02 A0 04
566197 <<< A5 12 6F 04 00 49 01 E6 A5 00
570374 >>> A5 22 70 07 00 8F 01 E6 A5 00 02 A0 04
570393 <<< A5 12 70 04 00 48 01 E6 A5 00
571484 >>> A5 22 71 07 00 8E 01 E6 A5 00 02 A0 04
571492 <<< A5 12 71 04 00 47 01 E6 A5 00
572497 >>> A5 22 72 07 00 8D 01 E6 A5 00 02 A0 04
572541 <<< A5 12 72 04 00 46 01 E6 A5 00
573904 >>> A5 22 73 07 00 8C 01 E6 A5 00 02 A0 04
573940 <<< A5 12 73 04 00 45 01 E6 A5 00
574240 <<< A5 22 12 16 00 7F 01 30 40 00 0D 00 02 01 00 02 64 01 02 00 01 00 00 00 02 A0 04 00
574262 >>> A5 12 12 04 00 C1 01 30 40 00
574739 <<< A5 22 13 16 00 7D 01 30 40 00 0D 00 02 01 00 02 64 01 02 00 01 01 00 00 02 A0 04 00
574762 >>> A5 12 13 04 00 C0 01 30 40 00
577216 >>> A5 22 74 07 00 8B 01 E6 A5 00 02 A0 04
577236 <<< A5 12 74 04 00 44 01 E6 A5 00
581728 >>> A5 22 75 07 00 57 01 E6 A5 00 02 D3 04
581731 <<< A5 12 75 04 00 43 01 E6 A5 00
586037 >>> A5 22 76 07 00 56 01 E6 A5 00 02 D3 04
586077 <<< A5 12 76 04 00 42 01 E6 A5 00
587046 >>> A5 22 77 07 00 3C 01 E6 A5 00 02 EC 04
587076 <<< A5 12 77 04 00 41 01 E6 A5 00
590657 >>> A5 22 78 07 00 2C 01 E6 A5 00 01 00 00
590672 <<< A5 12 78 04 00 40 01 E6 A5 00
590722 <<< A5 22 14 16 00 31 01 30 40 00 0D 00 02 01 00 02 64 01 02 00 01 01 00 00 01 EC 04 00
590735 >>> A5 12 14 04 00 BF 01 30 40 00
592568 >>> A5 22 79 07 00 3A 01 E6 A5 00 02 EC 04
592570 <<< A5 12 79 04 00 3F 01 E6 A5 00
592620 <<< A5 22 15 16 00 2F 01 30 40 00 0D 00 02 01 00 02 64 01 02 00 01 01 00 00 02 EC 04 00
592643 >>> A5 12 15 04 00 BE 01 30 40 00
595979 >>> A5 22 7A 07 00 2A 01 E6 A5 00 01 00 00
596017 <<< A5 12 7A 04 00 3E 01 E6 A5 00 A5 22 16 16 00 2F 01 30 40 00 0D 00 02 01 00 02 64 01 02 00 01 01 00 00 01 EC 04 00
596035 >>> A5 12 16 04 00 BD 01 30 40 00
597287 >>> A5 22 7B 07 00 38 01 E6 A5 00 02 EC 04
597315 <<< A5 12 7B 04 00 3D 01 E6 A5 00 A5 22 17 16 00 2D 01 30 40 00 0D 00 02 01 00 02 64 01 02 00 01 01 00 00 02 EC 04 00
597326 >>> A5 12 17 04 00 BC 01 30 40 00
597716 <<< A5 22 18 16 00 2C 01 30 40 00 0D 00 02 01 00 02 64 01 02 00 01 01 00 00 02 EC 04 00
597723 >>> A5 12 18 04 00 BB 01 30 40 00
599395 >>> A5 22 7C 07 00 28 01 E6 A5 00 01 00 00
599413 <<< A5 12 7C 04 00 3C 01 E6 A5 00 A5 22 19 16 00 2C 01 30 40 00 0D 00 02 01 00 02 64 01 02 00 01 01 00 00 01 EC 04 00
599433 >>> A5 12 19 04 00 BA 01 30 40 00
600305 >>> A5 22 7D 07 00 36 01 E6 A5 00 02 EC 04
600313 <<< A5 12 7D 04 00 3B 01 E6 A5 00 A5 22 1A 16 00 2A 01 30 40 00 0D 00 02 01 00 02 64 01 02 00 01 01 00 00 02 EC 04 00
600323 >>> A5 12 1A 04 00 B9 01 30 40 00
601720 >>> A5 22 7E 07 00 E9 01 E6 A5 00 02 3B 01
601761 <<< A5 12 7E 04 00 3A 01 E6 A5 00
604625 >>> A5 22 7F 07 00 25 01 E6 A5 00 01 00 00
604658 <<< A5 12 7F 04 00 39 01 E6 A5 00
604709 <<< A5 22 1B 16 00 DE 01 30 40 00 0D 00 02 01 00 02 64 01 02 00 01 01 00 00 01 3B 01 00
604724 >>> A5 12 1B 04 00 B8 01 30 40 00
605539 >>> A5 22 80 07 00 25 01 E6 A5 00 00 00 00
605557 <<< A5 12 80 04 00 38 01 E6 A5 00
605607 <<< A5 22 1C 16 00 DE 01 30 40 00 0D 00 02 01 00 02 64 01 02 00 01 01 00 00 00 3B 01 00
605613 >>> A5 12 1C 04 00 B7 01 30 40 00
636476 <<< A5 22 1D 16 00 DB 01 30 40 00 0D 00 02 01 00 03 64 01 03 00 01 01 00 00 00 3B 01 00
636496 >>> A5 12 1D 04 00 B6 01 30 40 00
657658 <<< A5 22 1E 16 00 DA 01 30 40 00 0D 00 02 01 00 03 64 01 03 00 01 01 00 00 00 3B 01 00
657675 >>> A5 12 1E 04 00 B5 01 30 40 00
717605 <<< A5 22 1F 16 00 D9 01 30 40 00 0D 00 02 01 00 03 64 01 03 00 01 01 00 00 00 3B 01 00
717627 >>> A5 12 1F 04 00 B4 01 30 40 00
726920 <<< 77 27 01 00 23 00 00 01 00 00 00 00 00 00 00 00 00 00 00 00 00 00 00 00 00 00 00 00 00 00 00 00 00 00 00 00 00 00 00 00 00 00 00 00 00 00 00 00 00 00 00 00 00 00 01 00 00 00 00 01 00 00 00 00 00 00 00 01 00 00 00 00 00 00 00 00 00 00 00 00 00 00 00 00 00 00 00 00 00 00 00 00 00 00 00 00 00 00 00 00 00 00 00 01 00 00 00 00 00 00 01 00 00 00 01 00 00 00 00 00 00 00 00 00 00 00 00 00 00 00 00 00 00 00 00 00 00 00 00 00 00 00 00 00 00 00 00 00 01 00 01 00 00 00 00 00 00 00 00 00 00 00 00 00 00 00 00 00 00 00 00 00 00 00 00 00 00
726944 >>> FF FF F3 9F 19 10 01 80 09 01 20 08 00 00 00 01 00 01 00 00 81 00 00 00 01 00 00 01 00 00 00 00 00 00 00 00 00 00 00 01 00 00 00 00 00 00 00 00 00 00 00 00 00 00 00 00 00 00 00 00 00 00 00 00 00 00 00 00 00 00 00 00 00 08 00 00 00 00 00 00 00 00 00 00 00 00 02 00 00 00 00 00 00 00 00 01 00 00 00 00 01 00 00 01 00 00 00 00 00 00 00 00 00 00 00 01 01 00 00 00 00 00 00 00 01 00 00 00 00 00 00 00 00 00 00 00 00 00 00 00 00 00 00 00 00 00 00 00 00 00 00 00 01 00 00 00 00 00 00 00 00 00 00 00 00 00 00 00 00 00 00 00 00 00 00 00 00 00 00 00 01 00 00 00 00 00 00 00 01 00 00 00 00 00 00 00 00 00 00 00 00 00 00 00 00 00 00 00 00 00 00 00 00 00 00 00 00 00 00 00 00 00 00 00 00 00 00 00 00 00 00 00 00 00 00 00 00 00 00 00 00 00 00 00 00 00 00 00 00 00 00 00 00 00 00 00 00 00 00 00 00 00 00 00 00 00 00 00 00 00 00 00 00 00 00 00 00 00 00 00 00 00 00 00 00 00 00 00 00 00 00 00 00 00 00 00 00 00 00 00 00 00 00 00 00 00 00 00 00 00 00 00 00 00 00 00 00 00 00 00 00 00 00 00 00 00 00 00 00 00 00 00 00 00 00 00 00 00 00 00 00 00 00 00 00 00 00 00 00 00 00 00 00 00 00 00 00 00 00 00 00 00 00 00 00 00 00 00 00 00 00 00 00 00 00 00 00 00 00 00 00 00 00 00 00 00 00 00 00 00 00 00 00 00 00 00 00 00 00 00 00 00 00 00 00 00 00 00 00 00 00 00 00 00 00 00 00 00 00 00 00 00 00 00 00 00 00 01 00 00 00 00 00 00 00 00 01 00 00 00 00 00 00 00 00 00 00 00 00 00 00 00 00 00 00 01 00 00 00 00 00 00 00 00 00 00 00 00 00 00 00 00 00 00 00 00 00 00 00 00 00 00 00 00 00 00 00 00 00 00 00 00 00 00 00 00 00 00 00 00 00 00 00 00 00 00 00 00 00 00 00 00 00 00 00 00 00 00 00 00 00 00 00 00 00 00 00 00 00 00 00 00 00 00 00 00 00 00 00 00 00 01 00 00 00 00 00 00 00 00 00 00 00 00 00 00 00 00 00 00 00 00 00 00 00 00 00 00 00 00 00 00 00 00 00 00 00 00 01 00 00 00 00 00 00 00 00 00 00 00 00 00 00 00 00 00 00 00 00 00 00 00 00 00 00 00 00 00 00 00 00 00 00 00 00 00 00 00 00 00 00 00 00 00 00 00 00 00 00 00 00 00 00 00 00 00 00 00 00 00 00 00 00 00 01 00 00 00 00 00 00 00 00 00 00 00 00 00 00 00 00 00 00 00 00 00 00 00 00 00 00 00 00 00 00 00 00 00 00 00 00 00 00 00 00 00 00 00 00 00 00 00 00 00 00 00 00 00 00
727041 <<< 00 00 00 00 00 00 00 00 00 00 00 00 00 00 00 00 00 00 00 00 00 00 00 00 00 00 00 00 00 00 00 00 00 00 00 00 00 00 00 00 00 00 00 00 00 00 00 00 00 00 00 00 00 00 00 01 00 00 00 01 00 00 00 00 00 00 00 00 00 00 00 00 00 00 00 00 00 00 00 00 00 00 00 00 00 00 00 00 00 00 00 00 00 00 00 00 00 00 00 00 00 00 00 00 00 00 00 00 00 00 00 00 00 00 00 00 00 00 00 00 00 00 00 00 00 00 00 00 00 00 00 00 00 00 00 00 00 00 00 00 00 00 00 00 00 00
732044 <<< 00
732045 >>> 00
732097 >>> 00 00 FF
732098 <<< 00 00 F8
732815 <<< A5 22 00 16 00 3D 01 30 40 00 0D 00 02 00 00 00 64 01 FF 00 01 00 00 00 00 00 00 00
733215 <<< A5 22 01 16 00 FD 01 30 40 00 0D 00 02 00 00 03 64 01 FF 00 01 00 00 00 00 3B 01 00
733315 >>> A5 22 01 05 00 AA 01 E2 A5 00 00
733365 <<< A5 12 01 04 00 BB 01 E2 A5 00
733385 >>> A5 22 02 04 00 C0 01 31 40 00
733415 <<< A5 12 02 16 00 0B 01 31 40 00 0D 00 02 00 00 03 64 01 FF 00 01 00 00 00 00 3B 01 00
733425 >>> A5 22 03 0A 00 76 01 29 A1 00 00 F4 01 F4 01 00
733465 <<< A5 12 03 04 00 76 01 29 A1 00
733485 >>> A5 22 04 0A 00 75 01 29 A1 00 00 F4 01 F4 01 00
733515 <<< A5 12 04 04 00 75 01 29 A1 00
733710 <<< A5 22 01 16 00 FD 01 30 40 00 0D 00 02 00 00 03 64 01 FF 00 01 00 00 00 00 3B 01 00
733716 <<< A5 22 02 16 00 60 01 30 40 00 0D 00 02 00 00 03 00 01 FF 00 01 00 00 00 00 3B 01 00
733726 >>> A5 12 02 04 00 D1 01 30 40 00
733745 >>> A5 12 02 04 00 D1 01 30 40 00
734455 >>> A5 22 05 0A 00 74 01 29 A1 00 00 F4 01 F4 01 00
734465 <<< A5 12 05 04 00 74 01 29 A1 00
738214 <<< A5 22 03 16 00 5A 01 30 40 00 0D 00 02 00 00 03 00 01 FF 00 01 05 00 00 00 3B 01 00
738229 >>> A5 12 03 04 00 D0 01 30 40 00
738639 >>> A5 22 06 04 00 BC 01 31 40 00
738664 <<< A5 12 06 16 00 66 01 31 40 00 0D 00 02 00 00 03 00 01 FF 00 01 05 00 00 00 3B 01 00
738675 >>> A5 22 07 0A 00 61 01 29 A1 00 01 7D 00 7D 00 00
738713 <<< A5 12 07 04 00 72 01 29 A1 00
747701 <<< FF 01 00 00 00 00 00 00 00 00 00 00 00 00 08 00 00 00 00 00 00 00 00 00 00 00 00 00 00 00 00 00 00 00 00 00 00 00 00 00 00 00 00 00 01 00 00 00 00 01 00 00 00 00 00 00 00 00 00 00 00 00 00 00 00 01 00 00 01 00 00 00 00 00 00 00 00 00 00 00 00 00 00 00 00 00 00 00 00 00 00 00 00 00 00 00 00 00 00 00 00 00 00 00 00 00 00 00 00 00 00 00 00 00 00 00 00 00 00 01 00 00 00 00 00 00 01 00 00 00 00 00 00 00 00 00 00 00 00 00 00 00 00 00 00 00 00 00 00 00 00 00 00 00 00 00 00 00 00 00 00 00 00 00 00 00 00 00 00 00 00 00 00 00 00 00 00 00 00 00 00 00 00 00
747727 >>> FF FF FF FF 5F 00 00 00 00 C8 01 00 00 80 00 00 00 01 00 01 00 00 00 00 00 00 01 00 00 01 01 00 00 00 00 00 00 00 00 00 00 01 00 00 00 00 00 00 00 01 00 00 00 01 00 00 00 00 00 00 00 00 00 00 00 00 00 00 00 00 00 00 00 00 00 00 00 00 00 00 00 00 00 00 00 00 00 00 00 00 00 00 00 00 00 00 00 00 00 00 00 00 00 00 00 00 00 00 00 00 00 00 00 00 00 00 00 00 00 00 00 00 01 00 00 00 00 00 00 01 00 00 00 00 00 00 00 00 00 00 00 00 00 00 00 00 00 00 00 01 00 00 00 01 00 00 00 00 00 00 00 00 00 00 00 00 00 00 00 00 00 00 00 00 00 00 00 00 00 00 00 00 00 00 00 00 00 00 00 00 00 00 00 00 00 00 00 00 00 00 00 00 00 00 00 00 00 00 00 00 00 00 00 00 00 00 00 00 01 00 00 00 00 00 00 00 00 00 00 00 00 00 00 00 00 00 00 00 00 01 00 00 00 00 00 00 00 00 00 00 00 00 00 00 00 00 00 00 00 00 00 00 00 00 00 00 00 00 00 00 00 00 00 00 00 00 00 00 00 00 00 00 00 00 00 00 00 00 00 00 00 00 00 00 00 00 00 00 00 00 00 00 00 00 00 00 00 00 00 00 00 00 00 00 00 00 00 00 00 00 00 00 00 00 00 00 00 00 00 00 00 00 00 00 00 00 00 00 00 00 00 00 00 00 00 00 00 00 00 00 00 00 00 00 00 00 00 00 00 00 00 00 00 00 00 00 00 00 00 00 00 00 00 01 00 00 00 00 00 00 00 00 00 00 01 01 00 00 00 00 00 00 00 00 00 00 00 00 00 00 01 00 00 00 00 01 00 00 00 00 00 00 00 00 00 00 00 00 00 00 01 00 00 00 00 00 00 00 00 01 00 00 00 00 00 00 00 00 00 00 00 00 00 00 00 00 00 00 00 00 00 00 00 00 00 00 00 00 00 00 00 00 00 00 00 00 00 00 00 00 00 00 00 00 00 00 00 00 00 00 00 00 00 01 00 00 00 00 00 00 00 00 00 00 00 00 00 00 00 00 00 00 00 00 01 00 00 00 00 00 00 00 00 00 00 00 00 00 00 00 00 00 00 00 00 00 00 00 00 00 00 00 00 00 00 00 00 00 00 00 00 00 00 00 00 00 00 00 00 00 00 00 00 00 00 00 00 00 00 00
747804 <<< 00 00 00 00 00 00 00 00 00 00 00 00 00 00 01 00 00 00 00 00 00 00 00 00 00 00 00 00 00 00 00 00 00 00 00 00 00 00 00 00 00 00 00 00 00 00 00 00 00 00 00 00 00 00 00 00 00 00 00 00 00 00 00 00 00 00 00 00 00 00 00 00 00 00 00 00 00 00 00 00 00 00 00 00 00 00 00 00 00 00 00 00 00 00 00 00 00 00 00 00
755275 >>> 00
755275 <<< 00
755624 >>> 00 00 F8
755624 <<< 00 81 FF
756342 <<< A5 22 00 16 00 3D 01 30 40 00 0D 00 02 00 00 00 64 01 FF 00 01 00 00 00 00 00 00 00
756742 <<< A5 22 01 16 00 FD 01 30 40 00 0D 00 02 00 00 03 64 01 FF 00 01 00 00 00 00 3B 01 00
756820 >>> A5 22 01 05 00 AA 01 E2 A5 00 00
756841 <<< A5 12 01 04 00 BB 01 E2 A5 00
756864 >>> A5 22 02 04 00 C0 01 31 40 00
756892 <<< A5 12 02 16 00 0B 01 31 40 00 0D 00 02 00 00 03 64 01 FF 00 01 00 00 00 00 3B 01 00
756902 >>> A5 22 03 0A 00 76 01 29 A1 00 00 F4 01 F4 01 00
756941 <<< A5 12 03 04 00 76 01 29 A1 00
756962 >>> A5 22 04 0A 00 75 01 29 A1 00 00 F4 01 F4 01 00
756991 <<< A5 12 04 04 00 75 01 29 A1 00
757236 <<< A5 22 01 16 00 FD 01 30 40 00 0D 00 02 00 00 03 64 01 FF 00 01 00 00 00 00 3B 01 00
757242 >>> A5 12 01 04 00 D2 01 30 40 00
757243 <<< A5 22 02 16 00 60 01 30 40 00 0D 00 02 00 00 03 00 01 FF 00 01 00 00 00 00 3B 01 00
757262 >>> A5 12 02 04 00 D1 01 30 40 00
757962 >>> A5 22 05 0A 00 74 01 29 A1 00 00 F4 01 F4 01 00
757991 <<< A5 12 05 04 00 74 01 29 A1 00
761740 <<< A5 22 03 16 00 5A 01 30 40 00 0D 00 02 00 00 03 00 01 FF 00 01 05 00 00 00 3B 01 00
761762 >>> A5 12 03 04 00 D0 01 30 40 00
763822 >>> A5 22 06 0A 00 62 01 29 A1 00 01 7D 00 7D 00 00
763839 <<< A5 12 06 04 00 73 01 29 A1 00
764533 >>> A5 22 07 04 00 BB 01 31 40 00
764539 <<< A5 12 07 16 00 65 01 31 40 00 0D 00 02 00 00 03 00 01 FF 00 01 05 00 00 00 3B 01 00
782434 <<< A5 22 04 16 00 F0 01 30 40 00 0D 00 02 01 00 03 64 01 03 00 01 05 00 00 00 3B 01 00
782456 >>> A5 12 04 04 00 CF 01 30 40 00
785332 <<< A5 22 05 16 00 58 01 30 40 00 0D 00 02 00 00 03 00 01 FF 00 01 05 00 00 00 3B 01 00
785353 >>> A5 12 05 04 00 CE 01 30 40 00
790130 <<< A5 22 06 16 00 EE 01 30 40 00 0D 00 02 01 00 03 64 01 03 00 01 05 00 00 00 3B 01 00
790153 >>> A5 12 06 04 00 CD 01 30 40 00
792130 <<< A5 22 07 16 00 F1 01 30 40 00 0D 00 02 01 00 01 64 01 01 00 01 05 00 00 00 3B 01 00
792153 >>> A5 12 07 04 00 CC 01 30 40 00
792730 <<< A5 22 08 16 00 EE 01 30 40 00 0D 00 02 01 00 02 64 01 02 00 01 05 00 00 00 3B 01 00
792755 >>> A5 12 08 04 00 CB 01 30 40 00
793429 <<< A5 22 09 16 00 EB 01 30 40 00 0D 00 02 01 00 03 64 01 03 00 01 05 00 00 00 3B 01 00
793442 >>> A5 12 09 04 00 CA 01 30 40 00
795729 <<< A5 22 0A 16 00 EE 01 30 40 00 0D 00 02 01 00 01 64 01 01 00 01 05 00 00 00 3B 01 00
795744 >>> A5 12 0A 04 00 C9 01 30 40 00
797228 <<< A5 22 0B 16 00 EB 01 30 40 00 0D 00 02 01 00 02 64 01 02 00 01 05 00 00 00 3B 01 00
797243 >>> A5 12 0B 04 00 C8 01 30 40 00
798127 <<< A5 22 0C 16 00 E8 01 30 40 00 0D 00 02 01 00 03 64 01 03 00 01 05 00 00 00 3B 01 00
798144 >>> A5 12 0C 04 00 C7 01 30 40 00
799127 <<< A5 22 0D 16 00 EB 01 30 40 00 0D 00 02 01 00 01 64 01 01 00 01 05 00 00 00 3B 01 00
799144 >>> A5 12 0D 04 00 C6 01 30 40 00
800926 <<< A5 22 0E 16 00 51 01 30 40 00 0D 00 02 00 00 01 00 01 FF 00 01 05 00 00 00 3B 01 00
800947 >>> A5 12 0E 04 00 C5 01 30 40 00
804424 <<< A5 22 0F 16 00 E9 01 30 40 00 0D 00 02 01 00 01 64 01 01 00 01 05 00 00 00 3B 01 00
804446 >>> A5 12 0F 04 00 C4 01 30 40 00
806324 <<< A5 22 10 16 00 4F 01 30 40 00 0D 00 02 00 00 01 00 01 FF 00 01 05 00 00 00 3B 01 00
806344 >>> A5 12 10 04 00 C3 01 30 40 00
808423 <<< A5 22 11 16 00 E7 01 30 40 00 0D 00 02 01 00 01 64 01 01 00 01 05 00 00 00 3B 01 00
808444 >>> A5 12 11 04 00 C2 01 30 40 00
810123 <<< A5 22 12 16 00 E4 01 30 40 00 0D 00 02 01 00 02 64 01 02 00 01 05 00 00 00 3B 01 00
810144 >>> A5 12 12 04 00 C1 01 30 40 00
811322 <<< A5 22 13 16 00 E1 01 30 40 00 0D 00 02 01 00 03 64 01 03 00 01 05 00 00 00 3B 01 00
811344 >>> A5 12 13 04 00 C0 01 30 40 00
812022 <<< A5 22 14 16 00 E4 01 30 40 00 0D 00 02 01 00 01 64 01 01 00 01 05 00 00 00 3B 01 00
812044 >>> A5 12 14 04 00 BF 01 30 40 00
813421 <<< A5 22 15 16 00 4A 01 30 40 00 0D 00 02 00 00 01 00 01 FF 00 01 05 00 00 00 3B 01 00
813445 >>> A5 12 15 04 00 BE 01 30 40 00
814521 <<< A5 22 16 16 00 E2 01 30 40 00 0D 00 02 01 00 01 64 01 01 00 01 05 00 00 00 3B 01 00
814544 >>> A5 12 16 04 00 BD 01 30 40 00
816220 <<< A5 22 17 16 00 E1 01 30 40 00 0D 00 02 01 00 01 64 01 01 00 01 05 00 00 00 3B 01 00
816224 >>> A5 12 17 04 00 BC 01 30 40 00
817019 <<< A5 22 18 16 00 DE 01 30 40 00 0D 00 02 01 00 02 64 01 02 00 01 05 00 00 00 3B 01 00
817034 >>> A5 12 18 04 00 BB 01 30 40 00
817419 <<< A5 22 19 16 00 DB 01 30 40 00 0D 00 02 01 00 03 64 01 03 00 01 05 00 00 00 3B 01 00
817435 >>> A5 12 19 04 00 BA 01 30 40 00
874689 <<< A5 22 1A 16 00 DF 01 30 40 00 0D 00 02 01 00 03 64 01 03 00 01 00 00 00 00 3B 01 00
874696 >>> A5 12 1A 04 00 B9 01 30 40 00
875189 <<< A5 22 1B 16 00 DD 01 30 40 00 0D 00 02 01 00 03 64 01 03 00 01 01 00 00 00 3B 01 00
875196 >>> A5 12 1B 04 00 B8 01 30 40 00
876188 <<< A5 22 1C 16 00 DC 01 30 40 00 0D 00 02 01 00 03 64 01 03 00 01 01 00 00 00 3B 01 00
876196 >>> A5 12 1C 04 00 B7 01 30 40 00
936158 <<< A5 22 1D 16 00 DB 01 30 40 00 0D 00 02 01 00 03 64 01 03 00 01 01 00 00 00 3B 01 00
936178 >>> A5 12 1D 04 00 B6 01 30 40 00
996129 <<< A5 22 1E 16 00 DA 01 30 40 00 0D 00 02 01 00 03 64 01 03 00 01 01 00 00 00 3B 01 00
996140 >>> A5 12 1E 04 00 B5 01 30 40 00
1056106 <<< A5 22 1F 16 00 D9 01 30 40 00 0D 00 02 01 00 03 64 01 03 00 01 01 00 00 00 3B 01 00
1056124 >>> A5 12 1F 04 00 B4 01 30 40 00
1116084 <<< A5 22 20 16 00 D8 01 30 40 00 0D 00 02 01 00 03 64 01 03 00 01 01 00 00 00 3B 01 00
1116105 >>> A5 12 20 04 00 B3 01 30 40 00
1176066 <<< A5 22 21 16 00 D7 01 30 40 00 0D 00 02 01 00 03 64 01 03 00 01 01 00 00 00 3B 01 00
1176087 >>> A5 12 21 04 00 B2 01 30 40 00
1236043 <<< A5 22 22 16 00 D6 01 30 40 00 0D 00 02 01 00 03 64 01 03 00 01 01 00 00 00 3B 01 00
1236049 >>> A5 12 22 04 00 B1 01 30 40 00
1296024 <<< A5 22 23 16 00 D5 01 30 40 00 0D 00 02 01 00 03 64 01 03 00 01 01 00 00 00 3B 01 00
1296032 >>> A5 12 23 04 00 B0 01 30 40 00
1355998 <<< A5 22 24 16 00 D4 01 30 40 00 0D 00 02 01 00 03 64 01 03 00 01 01 00 00 00 3B 01 00
1356014 >>> A5 12 24 04 00 AF 01 30 40 00
1415974 <<< A5 22 25 16 00 D3 01 30 40 00 0D 00 02 01 00 03 64 01 03 00 01 01 00 00 00 3B 01 00
1415996 >>> A5 12 25 04 00 AE 01 30 40 00
1475950 <<< A5 22 26 16 00 D2 01 30 40 00 0D 00 02 01 00 03 64 01 03 00 01 01 00 00 00 3B 01 00
1475958 >>> A5 12 26 04 00 AD 01 30 40 00
1535931 <<< A5 22 27 16 00 D1 01 30 40 00 0D 00 02 01 00 03 64 01 03 00 01 01 00 00 00 3B 01 00
1535941 >>> A5 12 27 04 00 AC 01 30 40 00
1595912 <<< A5 22 28 16 00 D0 01 30 40 00 0D 00 02 01 00 03 64 01 03 00 01 01 00 00 00 3B 01 00
1595922 >>> A5 12 28 04 00 AB 01 30 40 00
1655897 <<< A5 22 29 16 00 CF 01 30 40 00 0D 00 02 01 00 03 64 01 03 00 01 01 00 00 00 3B 01 00
1655904 >>> A5 12 29 04 00 AA 01 30 40 00
1715884 <<< A5 22 2A 16 00 CE 01 30 40 00 0D 00 02 01 00 03 64 01 03 00 01 01 00 00 00 3B 01 00
1715907 >>> A5 12 2A 04 00 A9 01 30 40 00
1775864 <<< A5 22 2B 16 00 CD 01 30 40 00 0D 00 02 01 00 03 64 01 03 00 01 01 00 00 00 3B 01 00
1775869 >>> A5 12 2B 04 00 A8 01 30 40 00
1835846 <<< A5 22 2C 16 00 CC 01 30 40 00 0D 00 02 01 00 03 64 01 03 00 01 01 00 00 00 3B 01 00
1835853 >>> A5 12 2C 04 00 A7 01 30 40 00
1895827 <<< A5 22 2D 16 00 CB 01 30 40 00 0D 00 02 01 00 03 64 01 03 00 01 01 00 00 00 3B 01 00
1895833 >>> A5 12 2D 04 00 A6 01 30 40 00
1955806 <<< A5 22 2E 16 00 CA 01 30 40 00 0D 00 02 01 00 03 64 01 03 00 01 01 00 00 00 3B 01 00
1955815 >>> A5 12 2E 04 00 A5 01 30 40 00
2015782 <<< A5 22 2F 16 00 C9 01 30 40 00 0D 00 02 01 00 03 64 01 03 00 01 01 00 00 00 3B 01 00
2015798 >>> A5 12 2F 04 00 A4 01 30 40 00
2075764 <<< A5 22 30 16 00 C8 01 30 40 00 0D 00 02 01 00 03 64 01 03 00 01 01 00 00 00 3B 01 00
2075780 >>> A5 12 30 04 00 A3 01 30 40 00
2135746 <<< A5 22 31 16 00 C7 01 30 40 00 0D 00 02 01 00 03 64 01 03 00 01 01 00 00 00 3B 01 00
2135763 >>> A5 12 31 04 00 A2 01 30 40 00
2195731 <<< A5 22 32 16 00 C6 01 30 40 00 0D 00 02 01 00 03 64 01 03 00 01 01 00 00 00 3B 01 00
2195744 >>> A5 12 32 04 00 A1 01 30 40 00
2255711 <<< A5 22 33 16 00 C5 01 30 40 00 0D 00 02 01 00 03 64 01 03 00 01 01 00 00 00 3B 01 00
2255716 >>> A5 12 33 04 00 A0 01 30 40 00
2315687 <<< A5 22 34 16 00 C4 01 30 40 00 0D 00 02 01 00 03 64 01 03 00 01 01 00 00 00 3B 01 00
2315698 >>> A5 12 34 04 00 9F 01 30 40 00
2375664 <<< A5 22 35 16 00 C3 01 30 40 00 0D 00 02 01 00 03 64 01 03 00 01 01 00 00 00 3B 01 00
2375682 >>> A5 12 35 04 00 9E 01 30 40 00
2376664 <<< A5 22 36 16 00 C1 01 30 40 00 0D 00 02 01 00 03 64 01 03 00 01 02 00 00 00 3B 01 00
2376681 >>> A5 12 36 04 00 9D 01 30 40 00
2377163 <<< A5 22 37 16 00 C1 01 30 40 00 0D 00 02 01 00 03 64 01 03 00 01 01 00 00 00 3B 01 00
2377181 >>> A5 12 37 04 00 9C 01 30 40 00
2435640 <<< A5 22 38 16 00 C0 01 30 40 00 0D 00 02 01 00 03 64 01 03 00 01 01 00 00 00 3B 01 00
2435663 >>> A5 12 38 04 00 9B 01 30 40 00
2495610 <<< A5 22 39 16 00 BF 01 30 40 00 0D 00 02 01 00 03 64 01 03 00 01 01 00 00 00 3B 01 00
2495625 >>> A5 12 39 04 00 9A 01 30 40 00
2555585 <<< A5 22 3A 16 00 BE 01 30 40 00 0D 00 02 01 00 03 64 01 03 00 01 01 00 00 00 3B 01 00
2555607 >>> A5 12 3A 04 00 99 01 30 40 00
2615561 <<< A5 22 3B 16 00 BD 01 30 40 00 0D 00 02 01 00 03 64 01 03 00 01 01 00 00 00 3B 01 00
2615569 >>> A5 12 3B 04 00 98 01 30 40 00
2675536 <<< A5 22 3C 16 00 BC 01 30 40 00 0D 00 02 01 00 03 64 01 03 00 01 01 00 00 00 3B 01 00
2675551 >>> A5 12 3C 04 00 97 01 30 40 00
2735516 <<< A5 22 3D 16 00 BB 01 30 40 00 0D 00 02 01 00 03 64 01 03 00 01 01 00 00 00 3B 01 00
2735534 >>> A5 12 3D 04 00 96 01 30 40 00
2795502 <<< A5 22 3E 16 00 BA 01 30 40 00 0D 00 02 01 00 03 64 01 03 00 01 01 00 00 00 3B 01 00
2795516 >>> A5 12 3E 04 00 95 01 30 40 00
2855483 <<< A5 22 3F 16 00 B9 01 30 40 00 0D 00 02 01 00 03 64 01 03 00 01 01 00 00 00 3B 01 00
2855499 >>> A5 12 3F 04 00 94 01 30 40 00
2859981 <<< A5 22 40 16 00 B9 01 30 40 00 0D 00 02 01 00 03 64 01 03 00 01 00 00 00 00 3B 01 00
2859999 >>> A5 12 40 04 00 93 01 30 40 00
2860481 <<< A5 22 41 16 00 B7 01 30 40 00 0D 00 02 01 00 03 64 01 03 00 01 01 00 00 00 3B 01 00
2860499 >>> A5 12 41 04 00 92 01 30 40 00
2873476 <<< A5 22 42 16 00 B7 01 30 40 00 0D 00 02 01 00 03 64 01 03 00 01 00 00 00 00 3B 01 00
2873500 >>> A5 12 42 04 00 91 01 30 40 00
2873976 <<< A5 22 43 16 00 B5 01 30 40 00 0D 00 02 01 00 03 64 01 03 00 01 01 00 00 00 3B 01 00
2874000 >>> A5 12 43 04 00 90 01 30 40 00
2877974 <<< A5 22 44 16 00 B5 01 30 40 00 0D 00 02 01 00 03 64 01 03 00 01 00 00 00 00 3B 01 00
2877979 >>> A5 12 44 04 00 8F 01 30 40 00
2878474 <<< A5 22 45 16 00 B3 01 30 40 00 0D 00 02 01 00 03 64 01 03 00 01 01 00 00 00 3B 01 00
2878479 >>> A5 12 45 04 00 8E 01 30 40 00
2889970 <<< A5 22 46 16 00 B3 01 30 40 00 0D 00 02 01 00 03 64 01 03 00 01 00 00 00 00 3B 01 00
2889979 >>> A5 12 46 04 00 8D 01 30 40 00
2890470 <<< A5 22 47 16 00 B1 01 30 40 00 0D 00 02 01 00 03 64 01 03 00 01 01 00 00 00 3B 01 00
2890479 >>> A5 12 47 04 00 8C 01 30 40 00
2915459 <<< A5 22 48 16 00 B0 01 30 40 00 0D 00 02 01 00 03 64 01 03 00 01 01 00 00 00 3B 01 00
2915480 >>> A5 12 48 04 00 8B 01 30 40 00
2975435 <<< A5 22 49 16 00 AF 01 30 40 00 0D 00 02 01 00 03 64 01 03 00 01 01 00 00 00 3B 01 00
2975442 >>> A5 12 49 04 00 8A 01 30 40 00
3035413 <<< A5 22 4A 16 00 AE 01 30 40 00 0D 00 02 01 00 03 64 01 03 00 01 01 00 00 00 3B 01 00
3035424 >>> A5 12 4A 04 00 89 01 30 40 00
3095394 <<< A5 22 4B 16 00 AD 01 30 40 00 0D 00 02 01 00 03 64 01 03 00 01 01 00 00 00 3B 01 00
3095408 >>> A5 12 4B 04 00 88 01 30 40 00
3155374 <<< A5 22 4C 16 00 AC 01 30 40 00 0D 00 02 01 00 03 64 01 03 00 01 01 00 00 00 3B 01 00
3155389 >>> A5 12 4C 04 00 87 01 30 40 00
3215356 <<< A5 22 4D 16 00 AB 01 30 40 00 0D 00 02 01 00 03 64 01 03 00 01 01 00 00 00 3B 01 00
3215371 >>> A5 12 4D 04 00 86 01 30 40 00
3275340 <<< A5 22 4E 16 00 AA 01 30 40 00 0D 00 02 01 00 03 64 01 03 00 01 01 00 00 00 3B 01 00
3275353 >>> A5 12 4E 04 00 85 01 30 40 00
3335318 <<< A5 22 4F 16 00 A9 01 30 40 00 0D 00 02 01 00 03 64 01 03 00 01 01 00 00 00 3B 01 00
3335335 >>> A5 12 4F 04 00 84 01 30 40 00
3395305 <<< A5 22 50 16 00 A8 01 30 40 00 0D 00 02 01 00 03 64 01 03 00 01 01 00 00 00 3B 01 00
3395319 >>> A5 12 50 04 00 83 01 30 40 00
3455288 <<< A5 22 51 16 00 A7 01 30 40 00 0D 00 02 01 00 03 64 01 03 00 01 01 00 00 00 3B 01 00
3455300 >>> A5 12 51 04 00 82 01 30 40 00
3515277 <<< A5 22 52 16 00 A6 01 30 40 00 0D 00 02 01 00 03 64 01 03 00 01 01 00 00 00 3B 01 00
3515283 >>> A5 12 52 04 00 81 01 30 40 00
3575263 <<< A5 22 53 16 00 A5 01 30 40 00 0D 00 02 01 00 03 64 01 03 00 01 01 00 00 00 3B 01 00
3575284 >>> A5 12 53 04 00 80 01 30 40 00
3635244 <<< A5 22 54 16 00 A4 01 30 40 00 0D 00 02 01 00 03 64 01 03 00 01 01 00 00 00 3B 01 00
3635266 >>> A5 12 54 04 00 7F 01 30 40 00
3695226 <<< A5 22 55 16 00 A3 01 30 40 00 0D 00 02 01 00 03 64 01 03 00 01 01 00 00 00 3B 01 00
3695249 >>> A5 12 55 04 00 7E 01 30 40 00
3755208 <<< A5 22 56 16 00 A2 01 30 40 00 0D 00 02 01 00 03 64 01 03 00 01 01 00 00 00 3B 01 00
3755231 >>> A5 12 56 04 00 7D 01 30 40 00
3791198 <<< A5 22 57 16 00 A0 01 30 40 00 0D 00 02 01 00 03 64 01 03 00 01 02 00 00 00 3B 01 00
3791212 >>> A5 12 57 04 00 7C 01 30 40 00
3791698 <<< A5 22 58 16 00 A0 01 30 40 00 0D 00 02 01 00 03 64 01 03 00 01 01 00 00 00 3B 01 00
3791712 >>> A5 12 58 04 00 7B 01 30 40 00
3815193 <<< A5 22 59 16 00 9F 01 30 40 00 0D 00 02 01 00 03 64 01 03 00 01 01 00 00 00 3B 01 00
3815213 >>> A5 12 59 04 00 7A 01 30 40 00
3875183 <<< A5 22 5A 16 00 9E 01 30 40 00 0D 00 02 01 00 03 64 01 03 00 01 01 00 00 00 3B 01 00
3875195 >>> A5 12 5A 04 00 79 01 30 40 00
3935169 <<< A5 22 5B 16 00 9D 01 30 40 00 0D 00 02 01 00 03 64 01 03 00 01 01 00 00 00 3B 01 00
3935177 >>> A5 12 5B 04 00 78 01 30 40 00
3995158 <<< A5 22 5C 16 00 9C 01 30 40 00 0D 00 02 01 00 03 64 01 03 00 01 01 00 00 00 3B 01 00
3995179 >>> A5 12 5C 04 00 77 01 30 40 00
4055147 <<< A5 22 5D 16 00 9B 01 30 40 00 0D 00 02 01 00 03 64 01 03 00 01 01 00 00 00 3B 01 00
4055163 >>> A5 12 5D 04 00 76 01 30 40 00
4091642 <<< A5 22 5E 16 00 99 01 30 40 00 0D 00 02 01 00 03 64 01 03 00 01 02 00 00 00 3B 01 00
4091664 >>> A5 12 5E 04 00 75 01 30 40 00
4092142 <<< A5 22 5F 16 00 99 01 30 40 00 0D 00 02 01 00 03 64 01 03 00 01 01 00 00 00 3B 01 00
4092164 >>> A5 12 5F 04 00 74 01 30 40 00
4115137 <<< A5 22 60 16 00 98 01 30 40 00 0D 00 02 01 00 03 64 01 03 00 01 01 00 00 00 3B 01 00
4115144 >>> A5 12 60 04 00 73 01 30 40 00
4175125 <<< A5 22 61 16 00 97 01 30 40 00 0D 00 02 01 00 03 64 01 03 00 01 01 00 00 00 3B 01 00
4175146 >>> A5 12 61 04 00 72 01 30 40 00
4235118 <<< A5 22 62 16 00 96 01 30 40 00 0D 00 02 01 00 03 64 01 03 00 01 01 00 00 00 3B 01 00
4235128 >>> A5 12 62 04 00 71 01 30 40 00
4295104 <<< A5 22 63 16 00 95 01 30 40 00 0D 00 02 01 00 03 64 01 03 00 01 01 00 00 00 3B 01 00
4295110 >>> A5 12 63 04 00 70 01 30 40 00
4355085 <<< A5 22 64 16 00 94 01 30 40 00 0D 00 02 01 00 03 64 01 03 00 01 01 00 00 00 3B 01 00
4355094 >>> A5 12 64 04 00 6F 01 30 40 00
4392070 <<< A5 22 65 16 00 92 01 30 40 00 0D 00 02 01 00 03 64 01 03 00 01 02 00 00 00 3B 01 00
4392074 >>> A5 12 65 04 00 6E 01 30 40 00
4392570 <<< A5 22 66 16 00 92 01 30 40 00 0D 00 02 01 00 03 64 01 03 00 01 01 00 00 00 3B 01 00
4392574 >>> A5 12 66 04 00 6D FFFFFFFF 01 30 40 00
4415055 <<< A5 22 67 16 00 91 01 30 40 00 0D 00 02 01 00 03 64 01 03 00 01 01 00 00 00 3B 01 00
4415075 >>> A5 12 67 04 00 6C 01 30 40 00
4475015 <<< A5 22 68 16 00 90 01 30 40 00 0D 00 02 01 00 03 64 01 03 00 01 01 00 00 00 3B 01 00
4475037 >>> A5 12 68 04 00 6B 01 30 40 00
4534986 <<< A5 22 69 16 00 8F 01 30 40 00 0D 00 02 01 00 03 64 01 03 00 01 01 00 00 00 3B 01 00
4535000 >>> A5 12 69 04 00 6A 01 30 40 00
4594954 <<< A5 22 6A 16 00 8E 01 30 40 00 0D 00 02 01 00 03 64 01 03 00 01 01 00 00 00 3B 01 00
4594971 >>> A5 12 6A 04 00 69 01 30 40 00
4654921 <<< A5 22 6B 16 00 8D 01 30 40 00 0D 00 02 01 00 03 64 01 03 00 01 01 00 00 00 3B 01 00
4654945 >>> A5 12 6B 04 00 68 01 30 40 00
4714890 <<< A5 22 6C 16 00 8C 01 30 40 00 0D 00 02 01 00 03 64 01 03 00 01 01 00 00 00 3B 01 00
4714905 >>> A5 12 6C 04 00 67 01 30 40 00
4774863 <<< A5 22 6D 16 00 8B 01 30 40 00 0D 00 02 01 00 03 64 01 03 00 01 01 00 00 00 3B 01 00
4774868 >>> A5 12 6D 04 00 66 01 30 40 00
4834833 <<< A5 22 6E 16 00 8A 01 30 40 00 0D 00 02 01 00 03 64 01 03 00 01 01 00 00 00 3B 01 00
4834851 >>> A5 12 6E 04 00 65 01 30 40 00
4894807 <<< A5 22 6F 16 00 89 01 30 40 00 0D 00 02 01 00 03 64 01 03 00 01 01 00 00 00 3B 01 00
4894812 >>> A5 12 6F 04 00 64 01 30 40 00
4954773 <<< A5 22 70 16 00 88 01 30 40 00 0D 00 02 01 00 03 64 01 03 00 01 01 00 00 00 3B 01 00
4954794 >>> A5 12 70 04 00 63 01 30 40 00
5014742 <<< A5 22 71 16 00 87 01 30 40 00 0D 00 02 01 00 03 64 01 03 00 01 01 00 00 00 3B 01 00
5014757 >>> A5 12 71 04 00 62 01 30 40 00
5074711 <<< A5 22 72 16 00 86 01 30 40 00 0D 00 02 01 00 03 64 01 03 00 01 01 00 00 00 3B 01 00
5074719 >>> A5 12 72 04 00 61 01 30 40 00
5134682 <<< A5 22 73 16 00 85 01 30 40 00 0D 00 02 01 00 03 64 01 03 00 01 01 00 00 00 3B 01 00
5134701 >>> A5 12 73 04 00 60 01 30 40 00
5194655 <<< A5 22 74 16 00 84 01 30 40 00 0D 00 02 01 00 03 64 01 03 00 01 01 00 00 00 3B 01 00
5194664 >>> A5 12 74 04 00 5F 01 30 40 00
5254626 <<< A5 22 75 16 00 83 01 30 40 00 0D 00 02 01 00 03 64 01 03 00 01 01 00 00 00 3B 01 00
5254645 >>> A5 12 75 04 00 5E 01 30 40 00
5314601 <<< A5 22 76 16 00 82 01 30 40 00 0D 00 02 01 00 03 64 01 03 00 01 01 00 00 00 3B 01 00
5314607 >>> A5 12 76 04 00 5D 01 30 40 00
5374576 <<< A5 22 77 16 00 81 01 30 40 00 0D 00 02 01 00 03 64 01 03 00 01 01 00 00 00 3B 01 00
5374590 >>> A5 12 77 04 00 5C 01 30 40 00
5434549 <<< A5 22 78 16 00 80 01 30 40 00 0D 00 02 01 00 03 64 01 03 00 01 01 00 00 00 3B 01 00
5434573 >>> A5 12 78 04 00 5B 01 30 40 00
5494525 <<< A5 22 79 16 00 7F 01 30 40 00 0D 00 02 01 00 03 64 01 03 00 01 01 00 00 00 3B 01 00
5494534 >>> A5 12 79 04 00 5A 01 30 40 00
5554504 <<< A5 22 7A 16 00 7E 01 30 40 00 0D 00 02 01 00 03 64 01 03 00 01 01 00 00 00 3B 01 00
5554516 >>> A5 12 7A 04 00 59 01 30 40 00
5614479 <<< A5 22 7B 16 00 7D 01 30 40 00 0D 00 02 01 00 03 64 01 03 00 01 01 00 00 00 3B 01 00
5614498 >>> A5 12 7B 04 00 58 01 30 40 00
5674453 <<< A5 22 7C 16 00 7C 01 30 40 00 0D 00 02 01 00 03 64 01 03 00 01 01 00 00 00 3B 01 00
5674470 >>> A5 12 7C 04 00 57 01 30 40 00
5734427 <<< A5 22 7D 16 00 7B 01 30 40 00 0D 00 02 01 00 03 64 01 03 00 01 01 00 00 00 3B 01 00
5734433 >>> A5 12 7D 04 00 56 01 30 40 00
5794415 <<< A5 22 7E 16 00 7A 01 30 40 00 0D 00 02 01 00 03 64 01 03 00 01 01 00 00 00 3B 01 00
5794436 >>> A5 12 7E 04 00 55 01 30 40 00
5854388 <<< A5 22 7F 16 00 79 01 30 40 00 0D 00 02 01 00 03 64 01 03 00 01 01 00 00 00 3B 01 00
5854397 >>> A5 12 7F 04 00 54 01 30 40 00
5893874 <<< A5 22 80 16 00 77 01 30 40 00 0D 00 02 01 00 03 64 01 03 00 01 02 00 00 00 3B 01 00
5893878 >>> A5 12 80 04 00 53 01 30 40 00
5894374 <<< A5 22 81 16 00 77 01 30 40 00 0D 00 02 01 00 03 64 01 03 00 01 01 00 00 00 3B 01 00
5894378 >>> A5 12 81 04 00 52 01 30 40 00
5914369 <<< A5 22 82 16 00 76 01 30 40 00 0D 00 02 01 00 03 64 01 03 00 01 01 00 00 00 3B 01 00
5914379 >>> A5 12 82 04 00 51 01 30 40 00
5974349 <<< A5 22 83 16 00 75 01 30 40 00 0D 00 02 01 00 03 64 01 03 00 01 01 00 00 00 3B 01 00
5974361 >>> A5 12 83 04 00 50 01 30 40 00
6034328 <<< A5 22 84 16 00 74 01 30 40 00 0D 00 02 01 00 03 64 01 03 00 01 01 00 00 00 3B 01 00
6034346 >>> A5 12 84 04 00 4F 01 30 40 00
6094304 <<< A5 22 85 16 00 73 01 30 40 00 0D 00 02 01 00 03 64 01 03 00 01 01 00 00 00 3B 01 00
6094326 >>> A5 12 85 04 00 4E 01 30 40 00
6154274 <<< A5 22 86 16 00 72 01 30 40 00 0D 00 02 01 00 03 64 01 03 00 01 01 00 00 00 3B 01 00
6154288 >>> A5 12 86 04 00 4D 01 30 40 00
6214243 <<< A5 22 87 16 00 71 01 30 40 00 0D 00 02 01 00 03 64 01 03 00 01 01 00 00 00 3B 01 00
6214251 >>> A5 12 87 04 00 4C 01 30 40 00
6274209 <<< A5 22 88 16 00 70 01 30 40 00 0D 00 02 01 00 03 64 01 03 00 01 01 00 00 00 3B 01 00
6274232 >>> A5 12 88 04 00 4B 01 30 40 00
6334178 <<< A5 22 89 16 00 6F 01 30 40 00 0D 00 02 01 00 03 64 01 03 00 01 01 00 00 00 3B 01 00
6334195 >>> A5 12 89 04 00 4A 01 30 40 00
6394147 <<< A5 22 8A 16 00 6E 01 30 40 00 0D 00 02 01 00 03 64 01 03 00 01 01 00 00 00 3B 01 00
6394158 >>> A5 12 8A 04 00 49 01 30 40 00
6454111 <<< A5 22 8B 16 00 6D 01 30 40 00 0D 00 02 01 00 03 64 01 03 00 01 01 00 00 00 3B 01 00
6454119 >>> A5 12 8B 04 00 48 01 30 40 00
6514064 <<< A5 22 8C 16 00 6C 01 30 40 00 0D 00 02 01 00 03 64 01 03 00 01 01 00 00 00 3B 01 00
6514081 >>> A5 12 8C 04 00 47 01 30 40 00
6574022 <<< A5 22 8D 16 00 6B 01 30 40 00 0D 00 02 01 00 03 64 01 03 00 01 01 00 00 00 3B 01 00
6574043 >>> A5 12 8D 04 00 46 01 30 40 00
6633978 <<< A5 22 8E 16 00 6A 01 30 40 00 0D 00 02 01 00 03 64 01 03 00 01 01 00 00 00 3B 01 00
6633985 >>> A5 12 8E 04 00 45 01 30 40 00
6693940 <<< A5 22 8F 16 00 69 01 30 40 00 0D 00 02 01 00 03 64 01 03 00 01 01 00 00 00 3B 01 00
6693948 >>> A5 12 8F 04 00 44 01 30 40 00
6753899 <<< A5 22 90 16 00 68 01 30 40 00 0D 00 02 01 00 03 64 01 03 00 01 01 00 00 00 3B 01 00
6753910 >>> A5 12 90 04 00 43 01 30 40 00
6813855 <<< A5 22 91 16 00 67 01 30 40 00 0D 00 02 01 00 03 64 01 03 00 01 01 00 00 00 3B 01 00
6813873 >>> A5 12 91 04 00 42 01 30 40 00
6873815 <<< A5 22 92 16 00 66 01 30 40 00 0D 00 02 01 00 03 64 01 03 00 01 01 00 00 00 3B 01 00
6873834 >>> A5 12 92 04 00 41 01 30 40 00
6933778 <<< A5 22 93 16 00 65 01 30 40 00 0D 00 02 01 00 03 64 01 03 00 01 01 00 00 00 3B 01 00
6933796 >>> A5 12 93 04 00 40 01 30 40 00
6993744 <<< A5 22 94 16 00 64 01 30 40 00 0D 00 02 01 00 03 64 01 03 00 01 01 00 00 00 3B 01 00
6993759 >>> A5 12 94 04 00 3F 01 30 40 00
7053711 <<< A5 22 95 16 00 63 01 30 40 00 0D 00 02 01 00 03 64 01 03 00 01 01 00 00 00 3B 01 00
7053721 >>> A5 12 95 04 00 3E 01 30 40 00
7113677 <<< A5 22 96 16 00 62 01 30 40 00 0D 00 02 01 00 03 64 01 03 00 01 01 00 00 00 3B 01 00
7113684 >>> A5 12 96 04 00 3D 01 30 40 00
7173660 <<< A5 22 97 16 00 61 01 30 40 00 0D 00 02 01 00 03 64 01 03 00 01 01 00 00 00 3B 01 00
7173665 >>> A5 12 97 04 00 3C 01 30 40 00
7233637 <<< A5 22 98 16 00 60 01 30 40 00 0D 00 02 01 00 03 64 01 03 00 01 01 00 00 00 3B 01 00
7233647 >>> A5 12 98 04 00 3B 01 30 40 00
7293613 <<< A5 22 99 16 00 5F 01 30 40 00 0D 00 02 01 00 03 64 01 03 00 01 01 00 00 00 3B 01 00
7293630 >>> A5 12 99 04 00 3A 01 30 40 00
7353588 <<< A5 22 9A 16 00 5E 01 30 40 00 0D 00 02 01 00 03 64 01 03 00 01 01 00 00 00 3B 01 00
7353593 >>> A5 12 9A 04 00 39 01 30 40 00
7413565 <<< A5 22 9B 16 00 5D 01 30 40 00 0D 00 02 01 00 03 64 01 03 00 01 01 00 00 00 3B 01 00
7413574 >>> A5 12 9B 04 00 38 01 30 40 00
7473543 <<< A5 22 9C 16 00 5C 01 30 40 00 0D 00 02 01 00 03 64 01 03 00 01 01 00 00 00 3B 01 00
7473557 >>> A5 12 9C 04 00 37 01 30 40 00
7533512 <<< A5 22 9D 16 00 5B 01 30 40 00 0D 00 02 01 00 03 64 01 03 00 01 01 00 00 00 3B 01 00
7533518 >>> A5 12 9D 04 00 36 01 30 40 00
7593475 <<< A5 22 9E 16 00 5A 01 30 40 00 0D 00 02 01 00 03 64 01 03 00 01 01 00 00 00 3B 01 00
7593480 >>> A5 12 9E 04 00 35 01 30 40 00
7653439 <<< A5 22 9F 16 00 59 01 30 40 00 0D 00 02 01 00 03 64 01 03 00 01 01 00 00 00 3B 01 00
7653443 >>> A5 12 9F 04 00 34 01 30 40 00
7695913 <<< A5 22 A0 16 00 57 01 30 40 00 0D 00 02 01 00 03 64 01 03 00 01 02 00 00 00 3B 01 00
7695924 >>> A5 12 A0 04 00 33 01 30 40 00
7696413 <<< A5 22 A1 16 00 57 01 30 40 00 0D 00 02 01 00 03 64 01 03 00 01 01 00 00 00 3B 01 00
7696424 >>> A5 12 A1 04 00 32 01 30 40 00
7713401 <<< A5 22 A2 16 00 56 01 30 40 00 0D 00 02 01 00 03 64 01 03 00 01 01 00 00 00 3B 01 00
7713406 >>> A5 12 A2 04 00 31 01 30 40 00
7773365 <<< A5 22 A3 16 00 55 01 30 40 00 0D 00 02 01 00 03 64 01 03 00 01 01 00 00 00 3B 01 00
7773387 >>> A5 12 A3 04 00 30 01 30 40 00
7833328 <<< A5 22 A4 16 00 54 01 30 40 00 0D 00 02 01 00 03 64 01 03 00 01 01 00 00 00 3B 01 00
7833349 >>> A5 12 A4 04 00 2F 01 30 40 00
7893292 <<< A5 22 A5 16 00 53 01 30 40 00 0D 00 02 01 00 03 64 01 03 00 01 01 00 00 00 3B 01 00
7893312 >>> A5 12 A5 04 00 2E 01 30 40 00
7953261 <<< A5 22 A6 16 00 52 01 30 40 00 0D 00 02 01 00 03 64 01 03 00 01 01 00 00 00 3B 01 00
7953274 >>> A5 12 A6 04 00 2D 01 30 40 00
7996237 <<< A5 22 A7 16 00 50 01 30 40 00 0D 00 02 01 00 03 64 01 03 00 01 02 00 00 00 3B 01 00
7996255 >>> A5 12 A7 04 00 2C 01 30 40 00
7996736 <<< A5 22 A8 16 00 50 01 30 40 00 0D 00 02 01 00 03 64 01 03 00 01 01 00 00 00 3B 01 00
7996755 >>> A5 12 A8 04 00 2B 01 30 40 00
8013225 <<< A5 22 A9 16 00 4F 01 30 40 00 0D 00 02 01 00 03 64 01 03 00 01 01 00 00 00 3B 01 00
8013236 >>> A5 12 A9 04 00 2A 01 30 40 00
8073186 <<< A5 22 AA 16 00 4E 01 30 40 00 0D 00 02 01 00 03 64 01 03 00 01 01 00 00 00 3B 01 00
8073198 >>> A5 12 AA 04 00 29 01 30 40 00
8133150 <<< A5 22 AB 16 00 4D 01 30 40 00 0D 00 02 01 00 03 64 01 03 00 01 01 00 00 00 3B 01 00
8133160 >>> A5 12 AB 04 00 28 01 30 40 00
8193104 <<< A5 22 AC 16 00 4C 01 30 40 00 0D 00 02 01 00 03 64 01 03 00 01 01 00 00 00 3B 01 00
8193123 >>> A5 12 AC 04 00 27 01 30 40 00
8253065 <<< A5 22 AD 16 00 4B 01 30 40 00 0D 00 02 01 00 03 64 01 03 00 01 01 00 00 00 3B 01 00
8253084 >>> A5 12 AD 04 00 26 01 30 40 00
8313029 <<< A5 22 AE 16 00 4A 01 30 40 00 0D 00 02 01 00 03 64 01 03 00 01 01 00 00 00 3B 01 00
8313047 >>> A5 12 AE 04 00 25 01 30 40 00
8372997 <<< A5 22 AF 16 00 49 01 30 40 00 0D 00 02 01 00 03 64 01 03 00 01 01 00 00 00 3B 01 00
8373009 >>> A5 12 AF 04 00 24 01 30 40 00
8432958 <<< A5 22 B0 16 00 48 01 30 40 00 0D 00 02 01 00 03 64 01 03 00 01 01 00 00 00 3B 01 00
8432971 >>> A5 12 B0 04 00 23 01 30 40 00
8492916 <<< A5 22 B1 16 00 47 01 30 40 00 0D 00 02 01 00 03 64 01 03 00 01 01 00 00 00 3B 01 00
8492935 >>> A5 12 B1 04 00 22 01 30 40 00
8552882 <<< A5 22 B2 16 00 46 01 30 40 00 0D 00 02 01 00 03 64 01 03 00 01 01 00 00 00 3B 01 00
8552895 >>> A5 12 B2 04 00 21 01 30 40 00
8612848 <<< A5 22 B3 16 00 45 01 30 40 00 0D 00 02 01 00 03 64 01 03 00 01 01 00 00 00 3B 01 00
8612858 >>> A5 12 B3 04 00 20 01 30 40 00
8672821 <<< A5 22 B4 16 00 44 01 30 40 00 0D 00 02 01 00 03 64 01 03 00 01 01 00 00 00 3B 01 00
8672841 >>> A5 12 B4 04 00 1F 01 30 40 00
8709367 >>> A5 22 08 07 00 24 01 60 A2 00 00 01 01
8709404 <<< A5 12 08 04 00 39 01 60 A2 00 A5 22 B5 16 00 47 01 30 40 00 0D 00 02 01 00 01 64 01 01 00 01 01 00 00 00 3B 01 00
8709425 >>> A5 12 B5 04 00 1E 01 30 40 00
8710978 >>> A5 22 09 07 00 21 01 60 A2 00 00 01 03
8711003 <<< A5 12 09 04 00 38 01 60 A2 00 A5 22 B6 16 00 42 01 30 40 00 0D 00 02 01 00 03 64 01 03 00 01 01 00 00 00 3B 01 00
8711022 >>> A5 12 B6 04 00 1D 01 30 40 00
8724707 >>> A5 22 0A 07 00 22 01 60 A2 00 00 01 01
8724744 <<< A5 12 0A 04 00 37 01 60 A2 00
8724794 <<< A5 22 B7 16 00 45 01 30 40 00 0D 00 02 01 00 01 64 01 01 00 01 01 00 00 00 3B 01 00
8724806 >>> A5 12 B7 04 00 1C 01 30 40 00
8726920 >>> A5 22 0B 07 00 1F 01 60 A2 00 00 01 03
8726942 <<< A5 12 0B 04 00 36 01 60 A2 00
8726992 <<< A5 22 B8 16 00 40 01 30 40 00 0D 00 02 01 00 03 64 01 03 00 01 01 00 00 00 3B 01 00
8727014 >>> A5 12 B8 04 00 1B 01 30 40 00
8732788 <<< A5 22 B9 16 00 3F 01 30 40 00 0D 00 02 01 00 03 64 01 03 00 01 01 00 00 00 3B 01 00
8732812 >>> A5 12 B9 04 00 1A 01 30 40 00
8736037 >>> A5 22 0C 05 00 86 01 00 A0 00 00
8736086 <<< A5 12 0C 04 00 97 01 00 A0 00 A5 22 BA 16 00 A7 01 30 40 00 0D 00 02 00 00 03 00 01 FF 00 01 01 00 00 00 3B 01 00
8736110 >>> A5 12 BA 04 00 19 01 30 40 00
8736286 <<< A5 22 BB 16 00 A2 01 30 40 00 0D 00 02 00 00 03 00 01 FF 00 01 05 00 00 00 3B 01 00
8736302 >>> A5 12 BB 04 00 18 01 30 40 00
8740447 >>> A5 22 0D 05 00 84 01 00 A0 00 01
8740483 <<< A5 12 0D 04 00 96 01 00 A0 00 A5 22 BC 16 00 38 01 30 40 00 0D 00 02 01 00 03 64 01 03 00 01 05 00 00 00 3B 01 00
8740506 >>> A5 12 BC 04 00 17 01 30 40 00
8751222 <<< FF
8751222 <<< 5F 00 00 00 00 00 01 00 00 01 00 00 00 00 00 00 00 01 00 00 00 00 00 00 00 00 00 00 00 00 00 00 00 00 00 00 00 00 00 00 00 01 00 00 00 00 01 00 00 00 00 00 00 00 00 00 00 00 00 00 00 00 00 00 00 00 00 00 00 00 00 00 00 00 00 00 00 00 00 00 00 00 01 00 00 00 00 00 00 00 01 00 00 00 00 00 00 00 00 00 00 00 00 00 00 00 00 00 00 00 00 00 00 01 01 00 00 01 00 00 00 00 00 00 00 00 00 00 00 00 00 00 00 00 00 00 00 00 00 00 00 00 00 00 00 00 00 00 00 00 00 01 00 00 01 00 00 00 00 00 00 00 00 00 00 00 00 00 00 00 00 00 00 00 00 00 00 00 00 00 00 00 00 00 00 00 00 00 00 00 00 00 00 00 00 00 00 00 01 00 00 00 00 00 00 00 00 00 01 00 00 00 00 00 00 00 00 00 00 00 00 00 00 00 00 00 00 00 00 00 00 00 00 00 00 00 00 00 00 00 00 00 00 00 00 00 00 00 00 00 00 00 00 00 00 00 00 00 00 00 00 00 00 00 00 00 00 00 00 00 00 00 00 00 00 00 01 00 00 00 00 00 00 00 00
8751261 >>> FF FF FF 57 00 09 00 04 00 08 00 00 00 00 00 00 00 04 00 00 00 01 00 00 01 00 00 20 00 00 00 00 00 00 00 00 00 00 00 00 00 00 00 00 00 00 00 00 00 00 00 00 00 00 00 00 00 00 00 00 00 00 00 00 00 01 00 00 00 00 00 00 00 00 00 00 00 00 00 00 00 00 00 00 00 00 00 00 01 00 00 00 00 00 00 00 00 00 00 00 00 00 00 00 01 00 00 00 00 00 00 00 00 00 00 00 01 00 00 00 01 00 00 00 01 00 00 00 00 00 00 00 00 00 01 00 00 00 00 00 00 00 01 00 00 00 00 00 00 00 00 00 00 00 00 00 00 00 00 00 00 00 00 00 00 00 00 00 00 00 00 00 00 01 00 00 00 00 00 00 00 00 00 00 00 00 00 00 00 01 01 00 00 00 00 00 00 01 01 01 00 00 00 00 00 00 00 00 00 00 00 00 00 00 00 00 00 01 00 00 00 00 00 00 00 00 00 00 00 00 00 00 00 00 00 00 00 00 00 00 00 00 00 00 00 00 00 00 00 00 00 00 00 01 00 00 00 00 00 00 00 00 00 00 00 00 00 00 00 01 00 00 00 00 00 00 00 00 00 00 00 00 00 00 00 00 00 00 00 00 00 00 00 00 00 00 00 00 00 00 00 00 00 00 00 00 00 00 00 00 00 00 00 00 00 00 00 00 00 00 00 00 00 00 00 00 00 00 00 00 00 00 00 01 00 00 00 00 00 00 00 00 00 00 00 00 00 00 00 00 00 00 00 00 00 00 00 00 00 00 00 00 00 00 00 00 00 01 01 00 00 00 00 00 00 00 00 00 00 00 00 00 00 00 00 00 00 00 00 00 00 00 00 00 00 00 00 00 00 00 00 00 00 00 00 00 00 00 00 00 00 00 00 00 00 00 00 00 00 00 00 00 00 00 00 00 00 00 00 00 00 00 00 00 00 00 00 00 00 00 00 00 00 00 00 00 00 01 00 00 00 00 00 00 00 00 00 00 00 00 00 00 00 00 00 00 00 00 00 00 00 00 00 00 00 00 00 00 00 00 00 00 00 00 00 00 00 00 00 00 00 00 00 00 00 00 00 00 00 00 00 00 00 00 00 00 00 00 00 00 00 00 00 00 00 00 00 00 00 00 00 00 00 00 00 00 00 00 00 00 00 00 00 00 00 01 00 00 00 00 00 00 00 00 00 00 00 00 00 00 00 00 00 00 00 00 00 00 00 00 00 00 00 00 00 00 00 00 00 00 00 00 00 00 00
8751341 <<< 00 00 00 00 00 00 00 00 00 00 00 00 00 00 01 00 00 00 00 00 00 00 00 00 00 00 00 00 00 00 00 00 00 00 00 00 00 00 00 00 00 00 00 00 00 00 00 00 00 00 00 00 00 00 00 00 00 00 00 00 00 00 00 00 00 00 00 00 00 00 00 00 00 00 00 00 00 00 00 00 01 00 00 00 00 00 00 00 00 00 00 00 00 00 00 00 00 00 00 00 00 00 00 00 00 00 00
8755713 >>> 00 00 00 00 00 E1
8755714 <<< 00 00 00 00 00 FC
8756432 <<< A5 22 00 16 00 3D 01 30 40 00 0D 00 02 00 00 00 64 01 FF 00 01 00 00 00 00 00 00 00
8756832 <<< A5 22 01 16 00 FD 01 30 40 00 0D 00 02 00 00 03 64 01 FF 00 01 00 00 00 00 3B 01 00
8756911 >>> A5 22 01 05 00 AA 01 E2 A5 00 00
8756932 <<< A5 12 01 04 00 BB 01 E2 A5 00
8756964 >>> A5 22 02 04 00 C0 01 31 40 00
8756982 <<< A5 12 02 16 00 0B 01 31 40 00 0D 00 02 00 00 03 64 01 FF 00 01 00 00 00 00 3B 01 00
8757001 >>> A5 22 03 0A 00 76 01 29 A1 00 00 F4 01 F4 01 00
8757032 <<< A5 12 03 04 00 76 01 29 A1 00
8757041 >>> A5 22 04 0A 00 75 01 29 A1 00 00 F4 01 F4 01 00
8757082 <<< A5 12 04 04 00 75 01 29 A1 00
8757326 <<< A5 22 01 16 00 FD 01 30 40 00 0D 00 02 00 00 03 64 01 FF 00 01 00 00 00 00 3B 01 00
8757332 <<< A5 22 02 16 00 60 01 30 40 00 0D 00 02 00 00 03 00 01 FF 00 01 00 00 00 00 3B 01 00
8757826 <<< A5 22 02 16 00 60 01 30 40 00 0D 00 02 00 00 03 00 01 FF 00 01 00 00 00 00 3B 01 00
8757946 >>> A5 12 02 04 00 D1 01 30 40 00
8757961 >>> A5 12 02 04 00 D1 01 30 40 00
8757981 >>> A5 12 02 04 00 D1 01 30 40 00
8758001 >>> A5 22 05 0A 00 74 01 29 A1 00 00 F4 01 F4 01 00
8758031 <<< A5 12 05 04 00 74 01 29 A1 00
8761831 <<< A5 22 03 16 00 5A 01 30 40 00 0D 00 02 00 00 03 00 01 FF 00 01 05 00 00 00 3B 01 00
8761842 >>> A5 12 03 04 00 D0 01 30 40 00
8762102 >>> A5 22 06 0A 00 62 01 29 A1 00 01 7D 00 7D 00 00
8762130 <<< A5 12 06 04 00 73 01 29 A1 00
8762819 >>> A5 22 07 04 00 BB 01 31 40 00
8762830 <<< A5 12 07 16 00 65 01 31 40 00 0D 00 02 00 00 03 00 01 FF 00 01 05 00 00 00 3B 01 00
8766601 >>> A5 22 08 05 00 89 01 00 A0 00 01
8766628 <<< A5 12 08 04 00 9B 01 00 A0 00 A5 22 04 16 00 F0 01 30 40 00 0D 00 02 01 00 03 64 01 03 00 01 05 00 00 00 3B 01 00
8766655 >>> A5 12 04 04 00 CF 01 30 40 00
8769512 >>> A5 22 09 07 00 22 01 60 A2 00 00 01 02
8769527 <<< A5 12 09 04 00 38 01 60 A2 00 A5 22 05 16 00 F1 01 30 40 00 0D 00 02 01 00 02 64 01 02 00 01 05 00 00 00 3B 01 00
8769544 >>> A5 12 05 04 00 CE 01 30 40 00
8770017 >>> A5 22 0A 07 00 20 01 60 A2 00 00 01 03
8770027 <<< A5 12 0A 04 00 37 01 60 A2 00 A5 22 06 16 00 EE 01 30 40 00 0D 00 02 01 00 03 64 01 03 00 01 05 00 00 00 3B 01 00
8770043 >>> A5 12 06 04 00 CD 01 30 40 00
8776740 >>> A5 22 0B 07 00 20 01 60 A2 00 00 01 02
8776773 <<< A5 12 0B 04 00 36 01 60 A2 00
8776824 <<< A5 22 07 16 00 EF 01 30 40 00 0D 00 02 01 00 02 64 01 02 00 01 05 00 00 00 3B 01 00
8776848 >>> A5 12 07 04 00 CC 01 30 40 00
8776949 >>> A5 22 0C 07 00 1E 01 60 A2 00 00 01 03
8776973 <<< A5 12 0C 04 00 35 01 60 A2 00
8777023 <<< A5 22 08 16 00 EC 01 30 40 00 0D 00 02 01 00 03 64 01 03 00 01 05 00 00 00 3B 01 00
8777048 >>> A5 12 08 04 00 CB 01 30 40 00
8799621 >>> A5 22 0D 05 00 9E 01 E0 A5 00 02
8799662 <<< A5 12 0D 04 00 B1 01 E0 A5 00
8799712 <<< A5 22 09 16 00 EC 01 30 40 00 0D 00 02 01 02 03 64 01 00 00 01 05 00 00 00 3B 01 00
8799734 >>> A5 12 09 04 00 CA 01 30 40 00
8803129 >>> A5 22 0E 07 00 1C 01 60 A2 00 00 01 03
8803161 <<< A5 12 0E 04 00 33 01 60 A2 00
8803211 <<< A5 22 0A 16 00 EA 01 30 40 00 0D 00 02 01 00 03 64 01 03 00 01 05 00 00 00 3B 01 00
8803230 >>> A5 12 0A 04 00 C9 01 30 40 00
8816306 <<< A5 22 0B 16 00 E9 01 30 40 00 0D 00 02 01 00 03 64 01 03 00 01 05 00 00 00 3B 01 00
8816314 >>> A5 12 0B 04 00 C8 01 30 40 00
8826801 <<< A5 22 0C 16 00 ED 01 30 40 00 0D 00 02 01 00 03 64 01 03 00 01 00 00 00 00 3B 01 00
8826814 >>> A5 12 0C 04 00 C7 01 30 40 00
8827301 <<< A5 22 0D 16 00 EB 01 30 40 00 0D 00 02 01 00 03 64 01 03 00 01 01 00 00 00 3B 01 00
8827314 >>> A5 12 0D 04 00 C6 01 30 40 00
8876280 <<< A5 22 0E 16 00 EA 01 30 40 00 0D 00 02 01 00 03 64 01 03 00 01 01 00 00 00 3B 01 00
8876296 >>> A5 12 0E 04 00 C5 01 30 40 00
8936270 <<< A5 22 0F 16 00 E9 01 30 40 00 0D 00 02 01 00 03 64 01 03 00 01 01 00 00 00 3B 01 00
8936278 >>> A5 12 0F 04 00 C4 01 30 40 00
8996253 <<< A5 22 10 16 00 E8 01 30 40 00 0D 00 02 01 00 03 64 01 03 00 01 01 00 00 00 3B 01 00
8996260 >>> A5 12 10 04 00 C3 01 30 40 00
9056232 <<< A5 22 11 16 00 E7 01 30 40 00 0D 00 02 01 00 03 64 01 03 00 01 01 00 00 00 3B 01 00
9056243 >>> A5 12 11 04 00 C2 01 30 40 00
9116213 <<< A5 22 12 16 00 E6 01 30 40 00 0D 00 02 01 00 03 64 01 03 00 01 01 00 00 00 3B 01 00
9116225 >>> A5 12 12 04 00 C1 01 30 40 00
9176196 <<< A5 22 13 16 00 E5 01 30 40 00 0D 00 02 01 00 03 64 01 03 00 01 01 00 00 00 3B 01 00
9176207 >>> A5 12 13 04 00 C0 01 30 40 00
9236172 <<< A5 22 14 16 00 E4 01 30 40 00 0D 00 02 01 00 03 64 01 03 00 01 01 00 00 00 3B 01 00
9236189 >>> A5 12 14 04 00 BF 01 30 40 00
9296147 <<< A5 22 15 16 00 E3 01 30 40 00 0D 00 02 01 00 03 64 01 03 00 01 01 00 00 00 3B 01 00
9296153 >>> A5 12 15 04 00 BE 01 30 40 00
9356123 <<< A5 22 16 16 00 E2 01 30 40 00 0D 00 02 01 00 03 64 01 03 00 01 01 00 00 00 3B 01 00
9356133 >>> A5 12 16 04 00 BD 01 30 40 00
9416099 <<< A5 22 17 16 00 E1 01 30 40 00 0D 00 02 01 00 03 64 01 03 00 01 01 00 00 00 3B 01 00
9416115 >>> A5 12 17 04 00 BC 01 30 40 00
9476076 <<< A5 22 18 16 00 E0 01 30 40 00 0D 00 02 01 00 03 64 01 03 00 01 01 00 00 00 3B 01 00
9476098 >>> A5 12 18 04 00 BB 01 30 40 00
9536051 <<< A5 22 19 16 00 DF 01 30 40 00 0D 00 02 01 00 03 64 01 03 00 01 01 00 00 00 3B 01 00
9536063 >>> A5 12 19 04 00 BA 01 30 40 00
9596024 <<< A5 22 1A 16 00 DE 01 30 40 00 0D 00 02 01 00 03 64 01 03 00 01 01 00 00 00 3B 01 00
9596042 >>> A5 12 1A 04 00 B9 01 30 40 00
9655997 <<< A5 22 1B 16 00 DD 01 30 40 00 0D 00 02 01 00 03 64 01 03 00 01 01 00 00 00 3B 01 00
9656004 >>> A5 12 1B 04 00 B8 01 30 40 00
9715969 <<< A5 22 1C 16 00 DC 01 30 40 00 0D 00 02 01 00 03 64 01 03 00 01 01 00 00 00 3B 01 00
9715988 >>> A5 12 1C 04 00 B7 01 30 40 00
9775948 <<< A5 22 1D 16 00 DB 01 30 40 00 0D 00 02 01 00 03 64 01 03 00 01 01 00 00 00 3B 01 00
9775970 >>> A5 12 1D 04 00 B6 01 30 40 00
9835925 <<< A5 22 1E 16 00 DA 01 30 40 00 0D 00 02 01 00 03 64 01 03 00 01 01 00 00 00 3B 01 00
9835931 >>> A5 12 1E 04 00 B5 01 30 40 00
9895897 <<< A5 22 1F 16 00 D9 01 30 40 00 0D 00 02 01 00 03 64 01 03 00 01 01 00 00 00 3B 01 00
9895913 >>> A5 12 1F 04 00 B4 01 30 40 00
9955873 <<< A5 22 20 16 00 D8 01 30 40 00 0D 00 02 01 00 03 64 01 03 00 01 01 00 00 00 3B 01 00
9955895 >>> A5 12 20 04 00 B3 01 30 40 00
10015851 <<< A5 22 21 16 00 D7 01 30 40 00 0D 00 02 01 00 03 64 01 03 00 01 01 00 00 00 3B 01 00
10015857 >>> A5 12 21 04 00 B2 01 30 40 00
10075827 <<< A5 22 22 16 00 D6 01 30 40 00 0D 00 02 01 00 03 64 01 03 00 01 01 00 00 00 3B 01 00
10075840 >>> A5 12 22 04 00 B1 01 30 40 00
10135804 <<< A5 22 23 16 00 D5 01 30 40 00 0D 00 02 01 00 03 64 01 03 00 01 01 00 00 00 3B 01 00
10135812 >>> A5 12 23 04 00 B0 01 30 40 00
10195785 <<< A5 22 24 16 00 D4 01 30 40 00 0D 00 02 01 00 03 64 01 03 00 01 01 00 00 00 3B 01 00
10195795 >>> A5 12 24 04 00 AF 01 30 40 00
10255766 <<< A5 22 25 16 00 D3 01 30 40 00 0D 00 02 01 00 03 64 01 03 00 01 01 00 00 00 3B 01 00
10255776 >>> A5 12 25 04 00 AE 01 30 40 00
10315748 <<< A5 22 26 16 00 D2 01 30 40 00 0D 00 02 01 00 03 64 01 03 00 01 01 00 00 00 3B 01 00
10315758 >>> A5 12 26 04 00 AD 01 30 40 00
10328745 <<< A5 22 27 16 00 D0 01 30 40 00 0D 00 02 01 00 03 64 01 03 00 01 02 00 00 00 3B 01 00
10328759 >>> A5 12 27 04 00 AC 01 30 40 00
10329245 <<< A5 22 28 16 00 D0 01 30 40 00 0D 00 02 01 00 03 64 01 03 00 01 01 00 00 00 3B 01 00
10329259 >>> A5 12 28 04 00 AB 01 30 40 00
10375735 <<< A5 22 29 16 00 CF 01 30 40 00 0D 00 02 01 00 03 64 01 03 00 01 01 00 00 00 3B 01 00
10375740 >>> A5 12 29 04 00 AA 01 30 40 00
10435718 <<< A5 22 2A 16 00 CE 01 30 40 00 0D 00 02 01 00 03 64 01 03 00 01 01 00 00 00 3B 01 00
10435723 >>> A5 12 2A 04 00 A9 01 30 40 00
10495695 <<< A5 22 2B 16 00 CD 01 30 40 00 0D 00 02 01 00 03 64 01 03 00 01 01 00 00 00 3B 01 00
10495706 >>> A5 12 2B 04 00 A8 01 30 40 00
10555680 <<< A5 22 2C 16 00 CC 01 30 40 00 0D 00 02 01 00 03 64 01 03 00 01 01 00 00 00 3B 01 00
10555687 >>> A5 12 2C 04 00 A7 01 30 40 00
10615669 <<< A5 22 2D 16 00 CB 01 30 40 00 0D 00 02 01 00 03 64 01 03 00 01 01 00 00 00 3B 01 00
10615690 >>> A5 12 2D 04 00 A6 01 30 40 00
10675642 <<< A5 22 2E 16 00 CA 01 30 40 00 0D 00 02 01 00 03 64 01 03 00 01 01 00 00 00 3B 01 00
10675651 >>> A5 12 2E 04 00 A5 01 30 40 00
10735612 <<< A5 22 2F 16 00 C9 01 30 40 00 0D 00 02 01 00 03 64 01 03 00 01 01 00 00 00 3B 01 00
10735634 >>> A5 12 2F 04 00 A4 01 30 40 00
10795588 <<< A5 22 30 16 00 C8 01 30 40 00 0D 00 02 01 00 03 64 01 03 00 01 01 00 00 00 3B 01 00
10795596 >>> A5 12 30 04 00 A3 01 30 40 00
10855568 <<< A5 22 31 16 00 C7 01 30 40 00 0D 00 02 01 00 03 64 01 03 00 01 01 00 00 00 3B 01 00
10855578 >>> A5 12 31 04 00 A2 01 30 40 00
10915547 <<< A5 22 32 16 00 C6 01 30 40 00 0D 00 02 01 00 03 64 01 03 00 01 01 00 00 00 3B 01 00
10915560 >>> A5 12 32 04 00 A1 01 30 40 00
10975524 <<< A5 22 33 16 00 C5 01 30 40 00 0D 00 02 01 00 03 64 01 03 00 01 01 00 00 00 3B 01 00
10975542 >>> A5 12 33 04 00 A0 01 30 40 00
11035500 <<< A5 22 34 16 00 C4 01 30 40 00 0D 00 02 01 00 03 64 01 03 00 01 01 00 00 00 3B 01 00
11035504 >>> A5 12 34 04 00 9F 01 30 40 00
11095477 <<< A5 22 35 16 00 C3 01 30 40 00 0D 00 02 01 00 03 64 01 03 00 01 01 00 00 00 3B 01 00
11095487 >>> A5 12 35 04 00 9E 01 30 40 00
11155449 <<< A5 22 36 16 00 C2 01 30 40 00 0D 00 02 01 00 03 64 01 03 00 01 01 00 00 00 3B 01 00
11155469 >>> A5 12 36 04 00 9D 01 30 40 00
11215421 <<< A5 22 37 16 00 C1 01 30 40 00 0D 00 02 01 00 03 64 01 03 00 01 01 00 00 00 3B 01 00
11215432 >>> A5 12 37 04 00 9C 01 30 40 00
11275397 <<< A5 22 38 16 00 C0 01 30 40 00 0D 00 02 01 00 03 64 01 03 00 01 01 00 00 00 3B 01 00
11275413 >>> A5 12 38 04 00 9B 01 30 40 00
11335376 <<< A5 22 39 16 00 BF 01 30 40 00 0D 00 02 01 00 03 64 01 03 00 01 01 00 00 00 3B 01 00
11335395 >>> A5 12 39 04 00 9A 01 30 40 00
11395355 <<< A5 22 3A 16 00 BE 01 30 40 00 0D 00 02 01 00 03 64 01 03 00 01 01 00 00 00 3B 01 00
11395378 >>> A5 12 3A 04 00 99 01 30 40 00
11455334 <<< A5 22 3B 16 00 BD 01 30 40 00 0D 00 02 01 00 03 64 01 03 00 01 01 00 00 00 3B 01 00
11455341 >>> A5 12 3B 04 00 98 01 30 40 00
11515311 <<< A5 22 3C 16 00 BC 01 30 40 00 0D 00 02 01 00 03 64 01 03 00 01 01 00 00 00 3B 01 00
11515322 >>> A5 12 3C 04 00 97 01 30 40 00
11530303 <<< A5 22 3D 16 00 BA 01 30 40 00 0D 00 02 01 00 03 64 01 03 00 01 02 00 00 00 3B 01 00
11530322 >>> A5 12 3D 04 00 96 01 30 40 00
11530803 <<< A5 22 3E 16 00 BA 01 30 40 00 0D 00 02 01 00 03 64 01 03 00 01 01 00 00 00 3B 01 00
11530822 >>> A5 12 3E 04 00 95 01 30 40 00
11575284 <<< A5 22 3F 16 00 B9 01 30 40 00 0D 00 02 01 00 03 64 01 03 00 01 01 00 00 00 3B 01 00
11575304 >>> A5 12 3F 04 00 94 01 30 40 00
11635257 <<< A5 22 40 16 00 B8 01 30 40 00 0D 00 02 01 00 03 64 01 03 00 01 01 00 00 00 3B 01 00
11635266 >>> A5 12 40 04 00 93 01 30 40 00
11695237 <<< A5 22 41 16 00 B7 01 30 40 00 0D 00 02 01 00 03 64 01 03 00 01 01 00 00 00 3B 01 00
11695249 >>> A5 12 41 04 00 92 01 30 40 00
11755213 <<< A5 22 42 16 00 B6 01 30 40 00 0D 00 02 01 00 03 64 01 03 00 01 01 00 00 00 3B 01 00
11755231 >>> A5 12 42 04 00 91 01 30 40 00
11815186 <<< A5 22 43 16 00 B5 01 30 40 00 0D 00 02 01 00 03 64 01 03 00 01 01 00 00 00 3B 01 00
11815193 >>> A5 12 43 04 00 90 01 30 40 00
11830677 <<< A5 22 44 16 00 B3 01 30 40 00 0D 00 02 01 00 03 64 01 03 00 01 02 00 00 00 3B 01 00
11830693 >>> A5 12 44 04 00 8F 01 30 40 00
11831177 <<< A5 22 45 16 00 B3 01 30 40 00 0D 00 02 01 00 03 64 01 03 00 01 01 00 00 00 3B 01 00
11831193 >>> A5 12 45 04 00 8E 01 30 40 00
11875153 <<< A5 22 46 16 00 B2 01 30 40 00 0D 00 02 01 00 03 64 01 03 00 01 01 00 00 00 3B 01 00
11875175 >>> A5 12 46 04 00 8D 01 30 40 00
11935116 <<< A5 22 47 16 00 B1 01 30 40 00 0D 00 02 01 00 03 64 01 03 00 01 01 00 00 00 3B 01 00
11935137 >>> A5 12 47 04 00 8C 01 30 40 00
11995077 <<< A5 22 48 16 00 B0 01 30 40 00 0D 00 02 01 00 03 64 01 03 00 01 01 00 00 00 3B 01 00
11995099 >>> A5 12 48 04 00 8B 01 30 40 00
12055041 <<< A5 22 49 16 00 AF 01 30 40 00 0D 00 02 01 00 03 64 01 03 00 01 01 00 00 00 3B 01 00
12055062 >>> A5 12 49 04 00 8A 01 30 40 00
12115001 <<< A5 22 4A 16 00 AE 01 30 40 00 0D 00 02 01 00 03 64 01 03 00 01 01 00 00 00 3B 01 00
12115024 >>> A5 12 4A 04 00 89 01 30 40 00
12130991 <<< A5 22 4B 16 00 AC 01 30 40 00 0D 00 02 01 00 03 64 01 03 00 01 02 00 00 00 3B 01 00
12131005 >>> A5 12 4B 04 00 88 01 30 40 00
12131491 <<< A5 22 4C 16 00 AC 01 30 40 00 0D 00 02 01 00 03 64 01 03 00 01 01 00 00 00 3B 01 00
12131504 >>> A5 12 4C 04 00 87 01 30 40 00
12174962 <<< A5 22 4D 16 00 AB 01 30 40 00 0D 00 02 01 00 03 64 01 03 00 01 01 00 00 00 3B 01 00
12174967 >>> A5 12 4D 04 00 86 01 30 40 00
12234920 <<< A5 22 4E 16 00 AA 01 30 40 00 0D 00 02 01 00 03 64 01 03 00 01 01 00 00 00 3B 01 00
12234928 >>> A5 12 4E 04 00 85 01 30 40 00
12294879 <<< A5 22 4F 16 00 A9 01 30 40 00 0D 00 02 01 00 03 64 01 03 00 01 01 00 00 00 3B 01 00
12294890 >>> A5 12 4F 04 00 84 01 30 40 00
12354843 <<< A5 22 50 16 00 A8 01 30 40 00 0D 00 02 01 00 03 64 01 03 00 01 01 00 00 00 3B 01 00
12354852 >>> A5 12 50 04 00 83 01 30 40 00
12414812 <<< A5 22 51 16 00 A7 01 30 40 00 0D 00 02 01 00 03 64 01 03 00 01 01 00 00 00 3B 01 00
12414835 >>> A5 12 51 04 00 82 01 30 40 00
12474782 <<< A5 22 52 16 00 A6 01 30 40 00 0D 00 02 01 00 03 64 01 03 00 01 01 00 00 00 3B 01 00
12474797 >>> A5 12 52 04 00 81 01 30 40 00
12534752 <<< A5 22 53 16 00 A5 01 30 40 00 0D 00 02 01 00 03 64 01 03 00 01 01 00 00 00 3B 01 00
12534759 >>> A5 12 53 04 00 80 01 30 40 00
12594718 <<< A5 22 54 16 00 A4 01 30 40 00 0D 00 02 01 00 03 64 01 03 00 01 01 00 00 00 3B 01 00
12594741 >>> A5 12 54 04 00 7F 01 30 40 00
12654683 <<< A5 22 55 16 00 A3 01 30 40 00 0D 00 02 01 00 03 64 01 03 00 01 01 00 00 00 3B 01 00
12654703 >>> A5 12 55 04 00 7E 01 30 40 00
12714659 <<< A5 22 56 16 00 A2 01 30 40 00 0D 00 02 01 00 03 64 01 03 00 01 01 00 00 00 3B 01 00
12714665 >>> A5 12 56 04 00 7D 01 30 40 00
12774628 <<< A5 22 57 16 00 A1 01 30 40 00 0D 00 02 01 00 03 64 01 03 00 01 01 00 00 00 3B 01 00
12774648 >>> A5 12 57 04 00 7C 01 30 40 00
12834594 <<< A5 22 58 16 00 A0 01 30 40 00 0D 00 02 01 00 03 64 01 03 00 01 01 00 00 00 3B 01 00
12834610 >>> A5 12 58 04 00 7B 01 30 40 00
12894562 <<< A5 22 59 16 00 9F 01 30 40 00 0D 00 02 01 00 03 64 01 03 00 01 01 00 00 00 3B 01 00
12894572 >>> A5 12 59 04 00 7A 01 30 40 00
12954534 <<< A5 22 5A 16 00 9E 01 30 40 00 0D 00 02 01 00 03 64 01 03 00 01 01 00 00 00 3B 01 00
12954554 >>> A5 12 5A 04 00 79 01 30 40 00
13014502 <<< A5 22 5B 16 00 9D 01 30 40 00 0D 00 02 01 00 03 64 01 03 00 01 01 00 00 00 3B 01 00
13014517 >>> A5 12 5B 04 00 78 01 30 40 00
13074477 <<< A5 22 5C 16 00 9C 01 30 40 00 0D 00 02 01 00 03 64 01 03 00 01 01 00 00 00 3B 01 00
13074500 >>> A5 12 5C 04 00 77 01 30 40 00
13134454 <<< A5 22 5D 16 00 9B 01 30 40 00 0D 00 02 01 00 03 64 01 03 00 01 01 00 00 00 3B 01 00
13134461 >>> A5 12 5D 04 00 76 01 30 40 00
13194426 <<< A5 22 5E 16 00 9A 01 30 40 00 0D 00 02 01 00 03 64 01 03 00 01 01 00 00 00 3B 01 00
13194443 >>> A5 12 5E 04 00 75 01 30 40 00
13254402 <<< A5 22 5F 16 00 99 01 30 40 00 0D 00 02 01 00 03 64 01 03 00 01 01 00 00 00 3B 01 00
13254407 >>> A5 12 5F 04 00 74 01 30 40 00
13314374 <<< A5 22 60 16 00 98 01 30 40 00 0D 00 02 01 00 03 64 01 03 00 01 01 00 00 00 3B 01 00
13314387 >>> A5 12 60 04 00 73 01 30 40 00
13374352 <<< A5 22 61 16 00 97 01 30 40 00 0D 00 02 01 00 03 64 01 03 00 01 01 00 00 00 3B 01 00
13374369 >>> A5 12 61 04 00 72 01 30 40 00
13434328 <<< A5 22 62 16 00 96 01 30 40 00 0D 00 02 01 00 03 64 01 03 00 01 01 00 00 00 3B 01 00
13434352 >>> A5 12 62 04 00 71 01 30 40 00
13494302 <<< A5 22 63 16 00 95 01 30 40 00 0D 00 02 01 00 03 64 01 03 00 01 01 00 00 00 3B 01 00
13494315 >>> A5 12 63 04 00 70 01 30 40 00
13554282 <<< A5 22 64 16 00 94 01 30 40 00 0D 00 02 01 00 03 64 01 03 00 01 01 00 00 00 3B 01 00
13554296 >>> A5 12 64 04 00 6F 01 30 40 00
13614261 <<< A5 22 65 16 00 93 01 30 40 00 0D 00 02 01 00 03 64 01 03 00 01 01 00 00 00 3B 01 00
13614278 >>> A5 12 65 04 00 6E 01 30 40 00
13632754 <<< A5 22 66 16 00 91 01 30 40 00 0D 00 02 01 00 03 64 01 03 00 01 02 00 00 00 3B 01 00
13632759 >>> A5 12 66 04 00 6D 01 30 40 00
13633254 <<< A5 22 67 16 00 91 01 30 40 00 0D 00 02 01 00 03 64 01 03 00 01 01 00 00 00 3B 01 00
13633259 >>> A5 12 67 04 00 6C 01 30 40 00
13674235 <<< A5 22 68 16 00 90 01 30 40 00 0D 00 02 01 00 03 64 01 03 00 01 01 00 00 00 3B 01 00
13674240 >>> A5 12 68 04 00 6B 01 30 40 00
13734205 <<< A5 22 69 16 00 8F 01 30 40 00 0D 00 02 01 00 03 64 01 03 00 01 01 00 00 00 3B 01 00
13734223 >>> A5 12 69 04 00 6A 01 30 40 00
13794172 <<< A5 22 6A 16 00 8E 01 30 40 00 0D 00 02 01 00 03 64 01 03 00 01 01 00 00 00 3B 01 00
13794185 >>> A5 12 6A 04 00 69 01 30 40 00
13854141 <<< A5 22 6B 16 00 8D 01 30 40 00 0D 00 02 01 00 03 64 01 03 00 01 01 00 00 00 3B 01 00
13854147 >>> A5 12 6B 04 00 68 01 30 40 00
13914115 <<< A5 22 6C 16 00 8C 01 30 40 00 0D 00 02 01 00 03 64 01 03 00 01 01 00 00 00 3B 01 00
13914129 >>> A5 12 6C 04 00 67 01 30 40 00
13974088 <<< A5 22 6D 16 00 8B 01 30 40 00 0D 00 02 01 00 03 64 01 03 00 01 01 00 00 00 3B 01 00
13974112 >>> A5 12 6D 04 00 66 01 30 40 00
14034057 <<< A5 22 6E 16 00 8A 01 30 40 00 0D 00 02 01 00 03 64 01 03 00 01 01 00 00 00 3B 01 00
14034073 >>> A5 12 6E 04 00 65 01 30 40 00
14094025 <<< A5 22 6F 16 00 89 01 30 40 00 0D 00 02 01 00 03 64 01 03 00 01 01 00 00 00 3B 01 00
14094036 >>> A5 12 6F 04 00 64 01 30 40 00
14154003 <<< A5 22 70 16 00 88 01 30 40 00 0D 00 02 01 00 03 64 01 03 00 01 01 00 00 00 3B 01 00
14154019 >>> A5 12 70 04 00 63 01 30 40 00
14213977 <<< A5 22 71 16 00 87 01 30 40 00 0D 00 02 01 00 03 64 01 03 00 01 01 00 00 00 3B 01 00
14214000 >>> A5 12 71 04 00 62 01 30 40 00
14273947 <<< A5 22 72 16 00 86 01 30 40 00 0D 00 02 01 00 03 64 01 03 00 01 01 00 00 00 3B 01 00
14273962 >>> A5 12 72 04 00 61 01 30 40 00
14333917 <<< A5 22 73 16 00 85 01 30 40 00 0D 00 02 01 00 03 64 01 03 00 01 01 00 00 00 3B 01 00
14333925 >>> A5 12 73 04 00 60 01 30 40 00
14393885 <<< A5 22 74 16 00 84 01 30 40 00 0D 00 02 01 00 03 64 01 03 00 01 01 00 00 00 3B 01 00
14393907 >>> A5 12 74 04 00 5F 01 30 40 00
14453849 <<< A5 22 75 16 00 83 01 30 40 00 0D 00 02 01 00 03 64 01 03 00 01 01 00 00 00 3B 01 00
14453869 >>> A5 12 75 04 00 5E 01 30 40 00
14513814 <<< A5 22 76 16 00 82 01 30 40 00 0D 00 02 01 00 03 64 01 03 00 01 01 00 00 00 3B 01 00
14513832 >>> A5 12 76 04 00 5D 01 30 40 00
14573777 <<< A5 22 77 16 00 81 01 30 40 00 0D 00 02 01 00 03 64 01 03 00 01 01 00 00 00 3B 01 00
14573793 >>> A5 12 77 04 00 5C 01 30 40 00
14633747 <<< A5 22 78 16 00 80 01 30 40 00 0D 00 02 01 00 03 64 01 03 00 01 01 00 00 00 3B 01 00
14633755 >>> A5 12 78 04 00 5B 01 30 40 00
14693722 <<< A5 22 79 16 00 7F 01 30 40 00 0D 00 02 01 00 03 64 01 03 00 01 01 00 00 00 3B 01 00
14693727 >>> A5 12 79 04 00 5A 01 30 40 00
14753694 <<< A5 22 7A 16 00 7E 01 30 40 00 0D 00 02 01 00 03 64 01 03 00 01 01 00 00 00 3B 01 00
14753710 >>> A5 12 7A 04 00 59 01 30 40 00
14813665 <<< A5 22 7B 16 00 7D 01 30 40 00 0D 00 02 01 00 03 64 01 03 00 01 01 00 00 00 3B 01 00
14813672 >>> A5 12 7B 04 00 58 01 30 40 00
14873636 <<< A5 22 7C 16 00 7C 01 30 40 00 0D 00 02 01 00 03 64 01 03 00 01 01 00 00 00 3B 01 00
14873655 >>> A5 12 7C 04 00 57 01 30 40 00
14933616 <<< A5 22 7D 16 00 7B 01 30 40 00 0D 00 02 01 00 03 64 01 03 00 01 01 00 00 00 3B 01 00
14933636 >>> A5 12 7D 04 00 56 01 30 40 00
14993597 <<< A5 22 7E 16 00 7A 01 30 40 00 0D 00 02 01 00 03 64 01 03 00 01 01 00 00 00 3B 01 00
14993619 >>> A5 12 7E 04 00 55 01 30 40 00
15053577 <<< A5 22 7F 16 00 79 01 30 40 00 0D 00 02 01 00 03 64 01 03 00 01 01 00 00 00 3B 01 00
15053601 >>> A5 12 7F 04 00 54 01 30 40 00
15113552 <<< A5 22 80 16 00 78 01 30 40 00 0D 00 02 01 00 03 64 01 03 00 01 01 00 00 00 3B 01 00
15113564 >>> A5 12 80 04 00 53 01 30 40 00
15173520 <<< A5 22 81 16 00 77 01 30 40 00 0D 00 02 01 00 03 64 01 03 00 01 01 00 00 00 3B 01 00
15173525 >>> A5 12 81 04 00 52 01 30 40 00
15233493 <<< A5 22 82 16 00 76 01 30 40 00 0D 00 02 01 00 03 64 01 03 00 01 01 00 00 00 3B 01 00
15233507 >>> A5 12 82 04 00 51 01 30 40 00
15293462 <<< A5 22 83 16 00 75 01 30 40 00 0D 00 02 01 00 03 64 01 03 00 01 01 00 00 00 3B 01 00
15293470 >>> A5 12 83 04 00 50 01 30 40 00
15353429 <<< A5 22 84 16 00 74 01 30 40 00 0D 00 02 01 00 03 64 01 03 00 01 01 00 00 00 3B 01 00
15353452 >>> A5 12 84 04 00 4F
15353452 >>> 01 30 40 00
15413398 <<< A5 22 85 16 00 73 01 30 40 00 0D 00 02 01 00 03 64 01 03 00 01 01 00 00 00 3B 01 00
15413414 >>> A5 12 85 04 00 4E 01 30 40 00
15434887 <<< A5 22 86 16 00 71 01 30 40 00 0D 00 02 01 00 03 64 01 03 00 01 02 00 00 00 3B 01 00
15434895 >>> A5 12 86 04 00 4D 01 30 40 00
15435387 <<< A5 22 87 16 00 71 01 30 40 00 0D 00 02 01 00 03 64 01 03 00 01 01 00 00 00 3B 01 00
15435394 >>> A5 12 87 04 00 4C 01 30 40 00
15473366 <<< A5 22 88 16 00 70 01 30 40 00 0D 00 02 01 00 03 64 01 03 00 01 01 00 00 00 3B 01 00
15473377 >>> A5 12 88 04 00 4B 01 30 40 00
15533331 <<< A5 22 89 16 00 6F 01 30 40 00 0D 00 02 01 00 03 64 01 03 00 01 01 00 00 00 3B 01 00
15533338 >>> A5 12 89 04 00 4A 01 30 40 00
15593298 <<< A5 22 8A 16 00 6E 01 30 40 00 0D 00 02 01 00 03 64 01 03 00 01 01 00 00 00 3B 01 00
15593320 >>> A5 12 8A 04 00 49 01 30 40 00
15653269 <<< A5 22 8B 16 00 6D 01 30 40 00 0D 00 02 01 00 03 64 01 03 00 01 01 00 00 00 3B 01 00
15653284 >>> A5 12 8B 04 00 48 01 30 40 00
15713237 <<< A5 22 8C 16 00 6C 01 30 40 00 0D 00 02 01 00 03 64 01 03 00 01 01 00 00 00 3B 01 00
15713245 >>> A5 12 8C 04 00 47 01 30 40 00
15735227 <<< A5 22 8D 16 00 6A 01 30 40 00 0D 00 02 01 00 03 64 01 03 00 01 02 00 00 00 3B 01 00
15735246 >>> A5 12 8D 04 00 46 01 30 40 00
15735727 <<< A5 22 8E 16 00 6A 01 30 40 00 0D 00 02 01 00 03 64 01 03 00 01 01 00 00 00 3B 01 00
15735745 >>> A5 12 8E 04 00 45 01 30 40 00
15773206 <<< A5 22 8F 16 00 69 01 30 40 00 0D 00 02 01 00 03 64 01 03 00 01 01 00 00 00 3B 01 00
15773227 >>> A5 12 8F 04 00 44 01 30 40 00
15833171 <<< A5 22 90 16 00 68 01 30 40 00 0D 00 02 01 00 03 64 01 03 00 01 01 00 00 00 3B 01 00
15833190 >>> A5 12 90 04 00 43 01 30 40 00
15893139 <<< A5 22 91 16 00 67 01 30 40 00 0D 00 02 01 00 03 64 01 03 00 01 01 00 00 00 3B 01 00
15893152 >>> A5 12 91 04 00 42 01 30 40 00
15953103 <<< A5 22 92 16 00 66 01 30 40 00 0D 00 02 01 00 03 64 01 03 00 01 01 00 00 00 3B 01 00
15953113 >>> A5 12 92 04 00 41 01 30 40 00
16013049 <<< A5 22 93 16 00 65 01 30 40 00 0D 00 02 01 00 03 64 01 03 00 01 01 00 00 00 3B 01 00
16013057 >>> A5 12 93 04 00 40 01 30 40 00
16073005 <<< A5 22 94 16 00 64 01 30 40 00 0D 00 02 01 00 03 64 01 03 00 01 01 00 00 00 3B 01 00
16073018 >>> A5 12 94 04 00 3F 01 30 40 00
16132956 <<< A5 22 95 16 00 63 01 30 40 00 0D 00 02 01 00 03 64 01 03 00 01 01 00 00 00 3B 01 00
16132960 >>> A5 12 95 04 00 3E 01 30 40 00
16192906 <<< A5 22 96 16 00 62 01 30 40 00 0D 00 02 01 00 03 64 01 03 00 01 01 00 00 00 3B 01 00
16192922 >>> A5 12 96 04 00 3D 01 30 40 00
16252854 <<< A5 22 97 16 00 61 01 30 40 00 0D 00 02 01 00 03 64 01 03 00 01 01 00 00 00 3B 01 00
16252864 >>> A5 12 97 04 00 3C 01 30 40 00
16312810 <<< A5 22 98 16 00 60 01 30 40 00 0D 00 02 01 00 03 64 01 03 00 01 01 00 00 00 3B 01 00
16312826 >>> A5 12 98 04 00 3B 01 30 40 00
16372775 <<< A5 22 99 16 00 5F 01 30 40 00 0D 00 02 01 00 03 64 01 03 00 01 01 00 00 00 3B 01 00
16372789 >>> A5 12 99 04 00 3A 01 30 40 00
16432736 <<< A5 22 9A 16 00 5E 01 30 40 00 0D 00 02 01 00 03 64 01 03 00 01 01 00 00 00 3B 01 00
16432751 >>> A5 12 9A 04 00 39 01 30 40 00
16492691 <<< A5 22 9B 16 00 5D 01 30 40 00 0D 00 02 01 00 03 64 01 03 00 01 01 00 00 00 3B 01 00
16492714 >>> A5 12 9B 04 00 38 01 30 40 00
16552657 <<< A5 22 9C 16 00 5C 01 30 40 00 0D 00 02 01 00 03 64 01 03 00 01 01 00 00 00 3B 01 00
16552675 >>> A5 12 9C 04 00 37 01 30 40 00
16612634 <<< A5 22 9D 16 00 5B 01 30 40 00 0D 00 02 01 00 03 64 01 03 00 01 01 00 00 00 3B 01 00
16612657 >>> A5 12 9D 04 00 36 01 30 40 00
16636125 <<< A5 22 9E 16 00 59 01 30 40 00 0D 00 02 01 00 03 64 01 03 00 01 02 00 00 00 3B 01 00
16636138 >>> A5 12 9E 04 00 35 01 30 40 00
16636625 <<< A5 22 9F 16 00 59 01 30 40 00 0D 00 02 01 00 03 64 01 03 00 01 01 00 00 00 3B 01 00
16636638 >>> A5 12 9F 04 00 34 01 30 40 00
16672611 <<< A5 22 A0 16 00 58 01 30 40 00 0D 00 02 01 00 03 64 01 03 00 01 01 00 00 00 3B 01 00
16672620 >>> A5 12 A0 04 00 33 01 30 40 00
16732588 <<< A5 22 A1 16 00 57 01 30 40 00 0D 00 02 01 00 03 64 01 03 00 01 01 00 00 00 3B 01 00
16732602 >>> A5 12 A1 04 00 32 01 30 40 00
16792562 <<< A5 22 A2 16 00 56 01 30 40 00 0D 00 02 01 00 03 64 01 03 00 01 01 00 00 00 3B 01 00
16792584 >>> A5 12 A2 04 00 31 01 30 40 00
16852524 <<< A5 22 A3 16 00 55 01 30 40 00 0D 00 02 01 00 03 64 01 03 00 01 01 00 00 00 3B 01 00
16852546 >>> A5 12 A3 04 00 30 01 30 40 00
16912478 <<< A5 22 A4 16 00 54 01 30 40 00 0D 00 02 01 00 03 64 01 03 00 01 01 00 00 00 3B 01 00
16912488 >>> A5 12 A4 04 00 2F 01 30 40 00
16936461 <<< A5 22 A5 16 00 52 01 30 40 00 0D 00 02 01 00 03 64 01 03 00 01 02 00 00 00 3B 01 00
16936469 >>> A5 12 A5 04 00 2E 01 30 40 00
16936961 <<< A5 22 A6 16 00 52 01 30 40 00 0D 00 02 01 00 03 64 01 03 00 01 01 00 00 00 3B 01 00
16936970 >>> A5 12 A6 04 00 2D 01 30 40 00
16972438 <<< A5 22 A7 16 00 51 01 30 40 00 0D 00 02 01 00 03 64 01 03 00 01 01 00 00 00 3B 01 00
16972450 >>> A5 12 A7 04 00 2C 01 30 40 00
17032401 <<< A5 22 A8 16 00 50 01 30 40 00 0D 00 02 01 00 03 64 01 03 00 01 01 00 00 00 3B 01 00
17032413 >>> A5 12 A8 04 00 2B 01 30 40 00
17092361 <<< A5 22 A9 16 00 4F 01 30 40 00 0D 00 02 01 00 03 64 01 03 00 01 01 00 00 00 3B 01 00
17092375 >>> A5 12 A9 04 00 2A 01 30 40 00
17152324 <<< A5 22 AA 16 00 4E 01 30 40 00 0D 00 02 01 00 03 64 01 03 00 01 01 00 00 00 3B 01 00
17152338 >>> A5 12 AA 04 00 29 01 30 40 00
17212293 <<< A5 22 AB 16 00 4D 01 30 40 00 0D 00 02 01 00 03 64 01 03 00 01 01 00 00 00 3B 01 00
17212299 >>> A5 12 AB 04 00 28 01 30 40 00
17236784 <<< A5 22 AC 16 00 4B 01 30 40 00 0D 00 02 01 00 03 64 01 03 00 01 02 00 00 00 3B 01 00
17236800 >>> A5 12 AC 04 00 27 01 30 40 00
17237284 <<< A5 22 AD 16 00 4B 01 30 40 00 0D 00 02 01 00 03 64 01 03 00 01 01 00 00 00 3B 01 00
17237300 >>> A5 12 AD 04 00 26 01 30 40 00
17272274 <<< A5 22 AE 16 00 4A 01 30 40 00 0D 00 02 01 00 03 64 01 03 00 01 01 00 00 00 3B 01 00
17272281 >>> A5 12 AE 04 00 25 01 30 40 00
17332249 <<< A5 22 AF 16 00 49 01 30 40 00 0D 00 02 01 00 03 64 01 03 00 01 01 00 00 00 3B 01 00
17332264 >>> A5 12 AF 04 00 24 01 30 40 00
