>>> 00
<<< 00
>>> 00
<<< 00
>>> E0
<<< 00 FF
<<< A5 22 00 16 00 6A 01 30 40 00 07 00 02 00 00 00 00 01 00 00 01 00 00 00 00 3B 01 00
>>> A5 22 01 04 00 C1 01 31 40 00
<<< A5 12 01 16 00 78 01 31 40 00 07 00 02 00 00 00 00 01 00 00 01 00 00 00 00 3B 01 00
>>> A5 22 02 0A 00 77 01 29 A1 00 00 F4 01 F4 01 00
<<< A5 12 02 04 00 77 01 29 A1 00
>>> A5 22 03 0A 00 76 01 29 A1 00 00 F4 01 F4 01 00
<<< A5 12 03 04 00 76 01 29 A1 00
<<< A5 22 00 16 00 6A 01 30 40 00 07 00 02 00 00 00 00 01 00 00 01 00 00 00 00 3B 01 00
>>> A5 12 00 04 00 D3 01 30 40 00
<<< A5 22 01 16 00 69 01 30 40 00 07 00 02 00 00 00 00 01 00 00 01 00 00 00 00 3B 01 00
>>> A5 12 01 04 00 D2 01 30 40 00
<<< A5 22 02 16 00 67 01 30 40 00 07 00 02 00 00 00 00 01 00 00 01 01 00 00 00 3B 01 00
>>> A5 12 02 04 00 D1 01 30 40 00
>>> A5 22 04 0A 00 64 01 29 A1 00 01 7D 00 7D 00 00
<<< A5 12 04 04 00 75 01 29 A1 00
>>> A5 22 05 04 00 BD 01 31 40 00
<<< A5 12 05 16 00 73 01 31 40 00 07 00 02 00 00 00 00 01 00 00 01 01 00 00 00 3B 01 00
<<< A5 22 03 16 00 66 01 30 40 00 07 00 02 00 00 00 00 01 00 00 01 01 00 00 00 3B 01 00
>>> A5 12 03 04 00 D0 01 30 40 00
<<< A5 22 04 16 00 63 01 30 40 00 07 00 02 00 00 00 00 01 00 00 01 03 00 00 00 3B 01 00
>>> A5 12 04 04 00 CF 01 30 40 00
<<< A5 22 05 16 00 64 01 30 40 00 07 00 02 00 00 00 00 01 00 00 01 01 00 00 00 3B 01 00
>>> A5 12 05 04 00 CE 01 30 40 00
<<< A5 22 06 16 00 63 01 30 40 00 07 00 02 00 00 00 00 01 00 00 01 01 00 00 00 3B 01 00
>>> A5 12 06 04 00 CD 01 30 40 00
<<< A5 22 07 16 00 62 01 30 40 00 07 00 02 00 00 00 00 01 00 00 01 01 00 00 00 3B 01 00
>>> A5 12 07 04 00 CC 01 30 40 00
<<< A5 22 08 16 00 61 01 30 40 00 07 00 02 00 00 00 00 01 00 00 01 01 00 00 00 3B 01 00
>>> A5 12 08 04 00 CB 01 30 40 00
<<< A5 22 09 16 00 60 01 30 40 00 07 00 02 00 00 00 00 01 00 00 01 01 00 00 00 3B 01 00
>>> A5 12 09 04 00 CA 01 30 40 00
<<< A5 22 0A 16 00 5F 01 30 40 00 07 00 02 00 00 00 00 01 00 00 01 01 00 00 00 3B 01 00
>>> A5 12 0A 04 00 C9 01 30 40 00
<<< A5 22 0B 16 00 5E 01 30 40 00 07 00 02 00 00 00 00 01 00 00 01 01 00 00 00 3B 01 00
>>> A5 12 0B 04 00 C8 01 30 40 00
<<< A5 22 0C 16 00 5D 01 30 40 00 07 00 02 00 00 00 00 01 00 00 01 01 00 00 00 3B 01 00
>>> A5 12 0C 04 00 C7 01 30 40 00
<<< A5 22 0D 16 00 5C 01 30 40 00 07 00 02 00 00 00 00 01 00 00 01 01 00 00 00 3B 01 00
>>> A5 12 0D 04 00 C6 01 30 40 00
<<< A5 22 0E 16 00 5B 01 30 40 00 07 00 02 00 00 00 00 01 00 00 01 01 00 00 00 3B 01 00
>>> A5 12 0E 04 00 C5 01 30 40 00
<<< A5 22 0F 16 00 5A 01 30 40 00 07 00 02 00 00 00 00 01 00 00 01 01 00 00 00 3B 01 00
>>> A5 12 0F 04 00 C4 01 30 40 00
<<< A5 22 10 16 00 59 01 30 40 00 07 00 02 00 00 00 00 01 00 00 01 01 00 00 00 3B 01 00
>>> A5 12 10 04 00 C3 01 30 40 00
<<< A5 22 11 16 00 58 01 30 40 00 07 00 02 00 00 00 00 01 00 00 01 01 00 00 00 3B 01 00
>>> A5 12 11 04 00 C2 01 30 40 00
<<< A5 22 12 16 00 57 01 30 40 00 07 00 02 00 00 00 00 01 00 00 01 01 00 00 00 3B 01 00
>>> A5 12 12 04 00 C1 01 30 40 00
<<< A5 22 13 16 00 56 01 30 40 00 07 00 02 00 00 00 00 01 00 00 01 01 00 00 00 3B 01 00
>>> A5 12 13 04 00 C0 01 30 40 00
<<< 02 00 00 00 00 00 00
>>> AB 23 00 00 00 00 00 00 00 00 00 00 00 00 00 00 00 00 00 00 00 00 00 00 00 00 00 00 00 00 00
>>> C0
<<< 00
<<< A5 22 00 16 00 6A 01 30 40 00 07 00 02 00 00 00 00 01 00 00 01 00 00 00 00 3B 01 00
>>> A5 22 01 04 00 C1 01 31 40 00
<<< A5 12 01 16 00 78 01 31 40 00 07 00 02 00 00 00 00 01 00 00 01 00 00 00 00 3B 01 00
>>> A5 22 02 0A 00 77 01 29 A1 00 00 F4 01 F4 01 00
<<< A5 12 02 04 00 77 01 29 A1 00
>>> A5 22 03 0A 00 76 01 29 A1 00 00 F4 01 F4 01 00
<<< A5 12 03 04 00 76 01 29 A1 00
<<< A5 22 00 16 00 6A 01 30 40 00 07 00 02 00 00 00 00 01 00 00 01 00 00 00 00 3B 01 00
>>> A5 12 00 04 00 D3 01 30 40 00
>>> A5 22 04 0A 00 75 01 29 A1 00 00 F4 01 F4 01 00
<<< A5 12 04 04 00 75 01 29 A1 00
<<< A5 22 01 16 00 69 01 30 40 00 07 00 02 00 00 00 00 01 00 00 01 00 00 00 00 3B 01 00
>>> A5 12 01 04 00 D2 01 30 40 00
<<< A5 22 02 16 00 67 01 30 40 00 07 00 02 00 00 00 00 01 00 00 01 01 00 00 00 3B 01 00
>>> A5 12 02 04 00 D1 01 30 40 00
>>> A5 22 05 0A 00 63 01 29 A1 00 01 7D 00 7D 00 00
<<< A5 12 05 04 00 74 01 29 A1 00
>>> A5 22 06 04 00 BC 01 31 40 00
<<< A5 12 06 16 00 72 01 31 40 00 07 00 02 00 00 00 00 01 00 00 01 01 00 00 00 3B 01 00
<<< A5 22 03 16 00 64 01 30 40 00 07 00 02 00 00 00 00 01 00 00 01 03 00 00 00 3B 01 00
>>> A5 12 03 04 00 D0 01 30 40 00
<<< A5 22 04 16 00 65 01 30 40 00 07 00 02 00 00 00 00 01 00 00 01 01 00 00 00 3B 01 00
>>> A5 12 04 04 00 CF 01 30 40 00
<<< A5 22 05 16 00 64 01 30 40 00 07 00 02 00 00 00 00 01 00 00 01 01 00 00 00 3B 01 00
>>> A5 12 05 04 00 CE 01 30 40 00
<<< A5 22 06 16 00 63 01 30 40 00 07 00 02 00 00 00 00 01 00 00 01 01 00 00 00 3B 01 00
>>> A5 12 06 04 00 CD 01 30 40 00
<<< A5 22 07 16 00 62 01 30 40 00 07 00 02 00 00 00 00 01 00 00 01 01 00 00 00 3B 01 00
>>> A5 12 07 04 00 CC 01 30 40 00
<<< A5 22 08 16 00 61 01 30 40 00 07 00 02 00 00 00 00 01 00 00 01 01 00 00 00 3B 01 00
>>> A5 12 08 04 00 CB 01 30 40 00
<<< A5 22 09 16 00 60 01 30 40 00 07 00 02 00 00 00 00 01 00 00 01 01 00 00 00 3B 01 00
>>> A5 12 09 04 00 CA 01 30 40 00
<<< A5 22 0A 16 00 5F 01 30 40 00 07 00 02 00 00 00 00 01 00 00 01 01 00 00 00 3B 01 00
>>> A5 12 0A 04 00 C9 01 30 40 00
<<< A5 22 0B 16 00 5E 01 30 40 00 07 00 02 00 00 00 00 01 00 00 01 01 00 00 00 3B 01 00
>>> A5 12 0B 04 00 C8 01 30 40 00
<<< A5 22 0C 16 00 F5 01 30 40 00 07 00 02 01 00 03 64 01 00 00 01 01 00 00 00 3B 01 00
>>> A5 12 0C 04 00 C7 01 30 40 00
<<< A5 22 0D 16 00 F4 01 30 40 00 07 00 02 01 00 03 64 01 00 00 01 01 00 00 00 3B 01 00
>>> A5 12 0D 04 00 C6 01 30 40 00
<<< A5 22 0E 16 00 F3 01 30 40 00 07 00 02 01 00 03 64 01 00 00 01 01 00 00 00 3B 01 00
>>> A5 12 0E 04 00 C5 01 30 40 00
<<< A5 22 0F 16 00 F2 01 30 40 00 07 00 02 01 00 03 64 01 00 00 01 01 00 00 00 3B 01 00
>>> A5 12 0F 04 00 C4 01 30 40 00
<<< A5 22 10 16 00 F1 01 30 40 00 07 00 02 01 00 03 64 01 00 00 01 01 00 00 00 3B 01 00
>>> A5 12 10 04 00 C3 01 30 40 00
<<< A5 22 11 16 00 F0 01 30 40 00 07 00 02 01 00 03 64 01 00 00 01 01 00 00 00 3B 01 00
>>> A5 12 11 04 00 C2 01 30 40 00
<<< A5 22 12 16 00 EF 01 30 40 00 07 00 02 01 00 03 64 01 00 00 01 01 00 00 00 3B 01 00
>>> A5 12 12 04 00 C1 01 30 40 00
>>> A5 22 07 07 00 25 01 60 A2 00 00 01 01
<<< A5 12 07 04 00 3A 01 60 A2 00 A5 22 13 16 00 F0 01 30 40 00 07 00 02 01 00 01 64 01 00 00 01 01 00 00 00 3B 01 00
>>> A5 12 13 04 00 C0 01 30 40 00
<<< A5 22 14 16 00 EF 01 30 40 00 07 00 02 01 00 01 64 01 00 00 01 01 00 00 00 3B 01 00
>>> A5 12 14 04 00 BF 01 30 40 00
<<< A5 22 15 16 00 EE 01 30 40 00 07 00 02 01 00 01 64 01 00 00 01 01 00 00 00 3B 01 00
>>> A5 12 15 04 00 BE 01 30 40 00
<<< A5 22 16 16 00 ED 01 30 40 00 07 00 02 01 00 01 64 01 00 00 01 01 00 00 00 3B 01 00
>>> A5 12 16 04 00 BD 01 30 40 00
<<< A5 22 17 16 00 EC 01 30 40 00 07 00 02 01 00 01 64 01 00 00 01 01 00 00 00 3B 01 00
>>> A5 12 17 04 00 BC 01 30 40 00
>>> A5 22 08 07 00 23 01 60 A2 00 00 01 02
<<< A5 12 08 04 00 39 01 60 A2 00 A5 22 18 16 00 EA 01 30 40 00 07 00 02 01 00 02 64 01 00 00 01 01 00 00 00 3B 01 00
>>> A5 12 18 04 00 BB 01 30 40 00
<<< A5 22 19 16 00 E9 01 30 40 00 07 00 02 01 00 02 64 01 00 00 01 01 00 00 00 3B 01 00
>>> A5 12 19 04 00 BA 01 30 40 00
<<< A5 22 1A 16 00 E8 01 30 40 00 07 00 02 01 00 02 64 01 00 00 01 01 00 00 00 3B 01 00
>>> A5 12 1A 04 00 B9 01 30 40 00
<<< A5 22 1B 16 00 E7 01 30 40 00 07 00 02 01 00 02 64 01 00 00 01 01 00 00 00 3B 01 00
>>> A5 12 1B 04 00 B8 01 30 40 00
>>> A5 22 09 07 00 21 01 60 A2 00 00 01 03
<<< A5 12 09 04 00 38 01 60 A2 00
<<< A5 22 1C 16 00 E5 01 30 40 00 07 00 02 01 00 03 64 01 00 00 01 01 00 00 00 3B 01 00
>>> A5 12 1C 04 00 B7 01 30 40 00
<<< A5 22 1D 16 00 E4 01 30 40 00 07 00 02 01 00 03 64 01 00 00 01 01 00 00 00 3B 01 00
>>> A5 12 1D 04 00 B6 01 30 40 00
<<< A5 22 1E 16 00 E3 01 30 40 00 07 00 02 01 00 03 64 01 00 00 01 01 00 00 00 3B 01 00
>>> A5 12 1E 04 00 B5 01 30 40 00
<<< A5 22 1F 16 00 E2 01 30 40 00 07 00 02 01 00 03 64 01 00 00 01 01 00 00 00 3B 01 00
>>> A5 12 1F 04 00 B4 01 30 40 00
<<< A5 22 20 16 00 E1 01 30 40 00 07 00 02 01 00 03 64 01 00 00 01 01 00 00 00 3B 01 00
>>> A5 12 20 04 00 B3 01 30 40 00
>>> A5 22 0A 07 00 22 01 60 A2 00 00 01 01
<<< A5 12 0A 04 00 37 01 60 A2 00
<<< A5 22 21 16 00 E2 01 30 40 00 07 00 02 01 00 01 64 01 00 00 01 01 00 00 00 3B 01 00
>>> A5 12 21 04 00 B2 01 30 40 00
<<< A5 22 22 16 00 E1 01 30 40 00 07 00 02 01 00 01 64 01 00 00 01 01 00 00 00 3B 01 00
>>> A5 12 22 04 00 B1 01 30 40 00
<<< A5 22 23 16 00 E0 01 30 40 00 07 00 02 01 00 01 64 01 00 00 01 01 00 00 00 3B 01 00
>>> A5 12 23 04 00 B0 01 30 40 00
<<< A5 22 24 16 00 DF 01 30 40 00 07 00 02 01 00 01 64 01 00 00 01 01 00 00 00 3B 01 00
>>> A5 12 24 04 00 AF 01 30 40 00
<<< A5 22 25 16 00 DE 01 30 40 00 07 00 02 01 00 01 64 01 00 00 01 01 00 00 00 3B 01 00
>>> A5 12 25 04 00 AE 01 30 40 00
>>> A5 22 0B 07 00 20 01 60 A2 00 00 01 02
<<< A5 12 0B 04 00 36 01 60 A2 00 A5 22 26 16 00 DC 01 30 40 00 07 00 02 01 00 02 64 01 00 00 01 01 00 00 00 3B 01 00
>>> A5 12 26 04 00 AD 01 30 40 00
<<< A5 22 27 16 00 DB 01 30 40 00 07 00 02 01 00 02 64 01 00 00 01 01 00 00 00 3B 01 00
>>> A5 12 27 04 00 AC 01 30 40 00
<<< A5 22 28 16 00 DA 01 30 40 00 07 00 02 01 00 02 64 01 00 00 01 01 00 00 00 3B 01 00
>>> A5 12 28 04 00 AB 01 30 40 00
<<< A5 22 29 16 00 D9 01 30 40 00 07 00 02 01 00 02 64 01 00 00 01 01 00 00 00 3B 01 00
>>> A5 12 29 04 00 AA 01 30 40 00
>>> A5 22 0C 07 00 1E 01 60 A2 00 00 01 03
<<< A5 12 0C 04 00 35 01 60 A2 00 A5 22 2A 16 00 D7 01 30 40 00 07 00 02 01 00 03 64 01 00 00 01 01 00 00 00 3B 01 00
>>> A5 12 2A 04 00 A9 01 30 40 00
<<< A5 22 2B 16 00 D6 01 30 40 00 07 00 02 01 00 03 64 01 00 00 01 01 00 00 00 3B 01 00
>>> A5 12 2B 04 00 A8 01 30 40 00
<<< A5 22 2C 16 00 D5 01 30 40 00 07 00 02 01 00 03 64 01 00 00 01 01 00 00 00 3B 01 00
>>> A5 12 2C 04 00 A7 01 30 40 00
<<< A5 22 2D 16 00 D4 01 30 40 00 07 00 02 01 00 03 64 01 00 00 01 01 00 00 00 3B 01 00
>>> A5 12 2D 04 00 A6 01 30 40 00
>>> A5 22 0D 07 00 1F 01 60 A2 00 00 01 01
<<< A5 12 0D 04 00 34 01 60 A2 00
<<< A5 22 2E 16 00 D5 01 30 40 00 07 00 02 01 00 01 64 01 00 00 01 01 00 00 00 3B 01 00
>>> A5 12 2E 04 00 A5 01 30 40 00
<<< A5 22 2F 16 00 D4 01 30 40 00 07 00 02 01 00 01 64 01 00 00 01 01 00 00 00 3B 01 00
>>> A5 12 2F 04 00 A4 01 30 40 00
<<< A5 22 30 16 00 D3 01 30 40 00 07 00 02 01 00 01 64 01 00 00 01 01 00 00 00 3B 01 00
>>> A5 12 30 04 00 A3 01 30 40 00
>>> A5 22 0E 07 00 1D 01 60 A2 00 00 01 02
<<< A5 12 0E 04 00 33 01 60 A2 00
<<< A5 22 31 16 00 D1 01 30 40 00 07 00 02 01 00 02 64 01 00 00 01 01 00 00 00 3B 01 00
>>> A5 12 31 04 00 A2 01 30 40 00
<<< A5 22 32 16 00 D0 01 30 40 00 07 00 02 01 00 02 64 01 00 00 01 01 00 00 00 3B 01 00
>>> A5 12 32 04 00 A1 01 30 40 00
<<< A5 22 33 16 00 CF 01 30 40 00 07 00 02 01 00 02 64 01 00 00 01 01 00 00 00 3B 01 00
>>> A5 12 33 04 00 A0 01 30 40 00
<<< A5 22 34 16 00 CE 01 30 40 00 07 00 02 01 00 02 64 01 00 00 01 01 00 00 00 3B 01 00
>>> A5 12 34 04 00 9F 01 30 40 00
>>> A5 22 0F 07 00 1B 01 60 A2 00 00 01 03
<<< A5 12 0F 04 00 32 01 60 A2 00 A5 22 35 16 00 CC 01 30 40 00 07 00 02 01 00 03 64 01 00 00 01 01 00 00 00 3B 01 00
>>> A5 12 35 04 00 9E 01 30 40 00
<<< A5 22 36 16 00 CB 01 30 40 00 07 00 02 01 00 03 64 01 00 00 01 01 00 00 00 3B 01 00
>>> A5 12 36 04 00 9D 01 30 40 00
<<< A5 22 37 16 00 CA 01 30 40 00 07 00 02 01 00 03 64 01 00 00 01 01 00 00 00 3B 01 00
>>> A5 12 37 04 00 9C 01 30 40 00
<<< A5 22 38 16 00 C9 01 30 40 00 07 00 02 01 00 03 64 01 00 00 01 01 00 00 00 3B 01 00
>>> A5 12 38 04 00 9B 01 30 40 00
>>> A5 22 10 07 00 1C 01 60 A2 00 00 01 01
<<< A5 12 10 04 00 31 01 60 A2 00 A5 22 39 16 00 CA 01 30 40 00 07 00 02 01 00 01 64 01 00 00 01 01 00 00 00 3B 01 00
>>> A5 12 39 04 00 9A 01 30 40 00
<<< A5 22 3A 16 00 C9 01 30 40 00 07 00 02 01 00 01 64 01 00 00 01 01 00 00 00 3B 01 00
>>> A5 12 3A 04 00 99 01 30 40 00
<<< A5 22 3B 16 00 C8 01 30 40 00 07 00 02 01 00 01 64 01 00 00 01 01 00 00 00 3B 01 00
>>> A5 12 3B 04 00 98 01 30 40 00
<<< A5 22 3C 16 00 C7 01 30 40 00 07 00 02 01 00 01 64 01 00 00 01 01 00 00 00 3B 01 00
>>> A5 12 3C 04 00 97 01 30 40 00
<<< A5 22 3D 16 00 C6 01 30 40 00 07 00 02 01 00 01 64 01 00 00 01 01 00 00 00 3B 01 00
>>> A5 12 3D 04 00 96 01 30 40 00
>>> A5 22 11 07 00 1A 01 60 A2 00 00 01 02
<<< A5 12 11 04 00 30 01 60 A2 00
<<< A5 22 3E 16 00 C4 01 30 40 00 07 00 02 01 00 02 64 01 00 00 01 01 00 00 00 3B 01 00
>>> A5 12 3E 04 00 95 01 30 40 00
<<< A5 22 3F 16 00 C3 01 30 40 00 07 00 02 01 00 02 64 01 00 00 01 01 00 00 00 3B 01 00
>>> A5 12 3F 04 00 94 01 30 40 00
<<< A5 22 40 16 00 C2 01 30 40 00 07 00 02 01 00 02 64 01 00 00 01 01 00 00 00 3B 01 00
>>> A5 12 40 04 00 93 01 30 40 00
<<< A5 22 41 16 00 C1 01 30 40 00 07 00 02 01 00 02 64 01 00 00 01 01 00 00 00 3B 01 00
>>> A5 12 41 04 00 92 01 30 40 00
<<< A5 22 42 16 00 C0 01 30 40 00 07 00 02 01 00 02 64 01 00 00 01 01 00 00 00 3B 01 00
>>> A5 12 42 04 00 91 01 30 40 00
>>> A5 22 12 07 00 18 01 60 A2 00 00 01 03
<<< A5 12 12 04 00 2F 01 60 A2 00 A5 22 43 16 00 BE 01 30 40 00 07 00 02 01 00 03 64 01 00 00 01 01 00 00 00 3B 01 00
>>> A5 12 43 04 00 90 01 30 40 00
<<< A5 22 44 16 00 BD 01 30 40 00 07 00 02 01 00 03 64 01 00 00 01 01 00 00 00 3B 01 00
>>> A5 12 44 04 00 8F 01 30 40 00
<<< A5 22 45 16 00 BC 01 30 40 00 07 00 02 01 00 03 64 01 00 00 01 01 00 00 00 3B 01 00
>>> A5 12 45 04 00 8E 01 30 40 00
<<< A5 22 46 16 00 BB 01 30 40 00 07 00 02 01 00 03 64 01 00 00 01 01 00 00 00 3B 01 00
>>> A5 12 46 04 00 8D 01 30 40 00
>>> A5 22 13 07 00 19 01 60 A2 00 00 01 01
<<< A5 12 13 04 00 2E 01 60 A2 00 A5 22 47 16 00 BC 01 30 40 00 07 00 02 01 00 01 64 01 00 00 01 01 00 00 00 3B 01 00
>>> A5 12 47 04 00 8C 01 30 40 00
<<< A5 22 48 16 00 BB 01 30 40 00 07 00 02 01 00 01 64 01 00 00 01 01 00 00 00 3B 01 00
>>> A5 12 48 04 00 8B 01 30 40 00
<<< A5 22 49 16 00 BA 01 30 40 00 07 00 02 01 00 01 64 01 00 00 01 01 00 00 00 3B 01 00
>>> A5 12 49 04 00 8A 01 30 40 00
<<< A5 22 4A 16 00 B9 01 30 40 00 07 00 02 01 00 01 64 01 00 00 01 01 00 00 00 3B 01 00
>>> A5 12 4A 04 00 89 01 30 40 00
>>> A5 22 14 05 00 97 01 E0 A5 00 02
<<< A5 12 14 04 00 AA 01 E0 A5 00
<<< A5 22 4B 16 00 B6 01 30 40 00 07 00 02 01 02 01 64 01 00 00 01 01 00 00 00 3B 01 00
>>> A5 12 4B 04 00 88 01 30 40 00
<<< A5 22 4C 16 00 B5 01 30 40 00 07 00 02 01 02 01 64 01 00 00 01 01 00 00 00 3B 01 00
>>> A5 12 4C 04 00 87 01 30 40 00
<<< A5 22 4D 16 00 B4 01 30 40 00 07 00 02 01 02 01 64 01 00 00 01 01 00 00 00 3B 01 00
>>> A5 12 4D 04 00 86 01 30 40 00
<<< A5 22 4E 16 00 B3 01 30 40 00 07 00 02 01 02 01 64 01 00 00 01 01 00 00 00 3B 01 00
>>> A5 12 4E 04 00 85 01 30 40 00
<<< A5 22 4F 16 00 B2 01 30 40 00 07 00 02 01 02 01 64 01 00 00 01 01 00 00 00 3B 01 00
>>> A5 12 4F 04 00 84 01 30 40 00
>>> A5 22 15 07 00 17 01 60 A2 00 00 01 01
<<< A5 12 15 04 00 2C 01 60 A2 00
<<< A5 22 50 16 00 B3 01 30 40 00 07 00 02 01 00 01 64 01 00 00 01 01 00 00 00 3B 01 00
>>> A5 12 50 04 00 83 01 30 40 00
<<< A5 22 51 16 00 B2 01 30 40 00 07 00 02 01 00 01 64 01 00 00 01 01 00 00 00 3B 01 00
>>> A5 12 51 04 00 82 01 30 40 00
<<< A5 22 52 16 00 B1 01 30 40 00 07 00 02 01 00 01 64 01 00 00 01 01 00 00 00 3B 01 00
>>> A5 12 52 04 00 81 01 30 40 00
<<< A5 22 53 16 00 B0 01 30 40 00 07 00 02 01 00 01 64 01 00 00 01 01 00 00 00 3B 01 00
>>> A5 12 53 04 00 80 01 30 40 00
<<< A5 22 54 16 00 AF 01 30 40 00 07 00 02 01 00 01 64 01 00 00 01 01 00 00 00 3B 01 00
>>> A5 12 54 04 00 7F 01 30 40 00
<<< A5 22 55 16 00 AE 01 30 40 00 07 00 02 01 00 01 64 01 00 00 01 01 00 00 00 3B 01 00
>>> A5 12 55 04 00 7E 01 30 40 00
>>> A5 22 16 05 00 95 01 E0 A5 00 02
<<< A5 12 16 04 00 A8 01 E0 A5 00 A5 22 56 16 00 AB 01 30 40 00 07 00 02 01 02 01 64 01 00 00 01 01 00 00 00 3B 01 00
>>> A5 12 56 04 00 7D 01 30 40 00
<<< A5 22 57 16 00 AA 01 30 40 00 07 00 02 01 02 01 64 01 00 00 01 01 00 00 00 3B 01 00
>>> A5 12 57 04 00 7C 01 30 40 00
<<< A5 22 58 16 00 A9 01 30 40 00 07 00 02 01 02 01 64 01 00 00 01 01 00 00 00 3B 01 00
>>> A5 12 58 04 00 7B 01 30 40 00
<<< A5 22 59 16 00 A8 01 30 40 00 07 00 02 01 02 01 64 01 00 00 01 01 00 00 00 3B 01 00
>>> A5 12 59 04 00 7A 01 30 40 00
>>> A5 22 17 07 00 15 01 60 A2 00 00 01 01
<<< A5 12 17 04 00 2A 01 60 A2 00
<<< A5 22 5A 16 00 A9 01 30 40 00 07 00 02 01 00 01 64 01 00 00 01 01 00 00 00 3B 01 00
>>> A5 12 5A 04 00 79 01 30 40 00
<<< A5 22 5B 16 00 A8 01 30 40 00 07 00 02 01 00 01 64 01 00 00 01 01 00 00 00 3B 01 00
>>> A5 12 5B 04 00 78 01 30 40 00
<<< A5 22 5C 16 00 A7 01 30 40 00 07 00 02 01 00 01 64 01 00 00 01 01 00 00 00 3B 01 00
>>> A5 12 5C 04 00 77 01 30 40 00
<<< A5 22 5D 16 00 A6 01 30 40 00 07 00 02 01 00 01 64 01 00 00 01 01 00 00 00 3B 01 00
>>> A5 12 5D 04 00 76 01 30 40 00
<<< A5 22 5E 16 00 A5 01 30 40 00 07 00 02 01 00 01 64 01 00 00 01 01 00 00 00 3B 01 00
>>> A5 12 5E 04 00 75 01 30 40 00
>>> A5 22 18 05 00 93 01 E0 A5 00 02
<<< A5 12 18 04 00 A6 01 E0 A5 00
<<< A5 22 5F 16 00 A2 01 30 40 00 07 00 02 01 02 01 64 01 00 00 01 01 00 00 00 3B 01 00
>>> A5 12 5F 04 00 74 01 30 40 00
<<< A5 22 60 16 00 A1 01 30 40 00 07 00 02 01 02 01 64 01 00 00 01 01 00 00 00 3B 01 00
>>> A5 12 60 04 00 73 01 30 40 00
<<< A5 22 61 16 00 A0 01 30 40 00 07 00 02 01 02 01 64 01 00 00 01 01 00 00 00 3B 01 00
>>> A5 12 61 04 00 72 01 30 40 00
<<< A5 22 62 16 00 9F 01 30 40 00 07 00 02 01 02 01 64 01 00 00 01 01 00 00 00 3B 01 00
>>> A5 12 62 04 00 71 01 30 40 00
<<< A5 22 63 16 00 9E 01 30 40 00 07 00 02 01 02 01 64 01 00 00 01 01 00 00 00 3B 01 00
>>> A5 12 63 04 00 70 01 30 40 00
<<< A5 22 64 16 00 9D 01 30 40 00 07 00 02 01 02 01 64 01 00 00 01 01 00 00 00 3B 01 00
>>> A5 12 64 04 00 6F 01 30 40 00
<<< A5 22 65 16 00 9C 01 30 40 00 07 00 02 01 02 01 64 01 00 00 01 01 00 00 00 3B 01 00
>>> A5 12 65 04 00 6E 01 30 40 00
>>> A5 22 19 07 00 13 01 60 A2 00 00 01 01
<<< A5 12 19 04 00 28 01 60 A2 00 A5 22 66 16 00 9D 01 30 40 00 07 00 02 01 00 01 64 01 00 00 01 01 00 00 00 3B 01 00
>>> A5 12 66 04 00 6D 01 30 40 00
<<< A5 22 67 16 00 9C 01 30 40 00 07 00 02 01 00 01 64 01 00 00 01 01 00 00 00 3B 01 00
>>> A5 12 67 04 00 6C 01 30 40 00
<<< A5 22 68 16 00 9B 01 30 40 00 07 00 02 01 00 01 64 01 00 00 01 01 00 00 00 3B 01 00
>>> A5 12 68 04 00 6B 01 30 40 00
<<< A5 22 69 16 00 9A 01 30 40 00 07 00 02 01 00 01 64 01 00 00 01 01 00 00 00 3B 01 00
>>> A5 12 69 04 00 6A 01 30 40 00
<<< A5 22 6A 16 00 99 01 30 40 00 07 00 02 01 00 01 64 01 00 00 01 01 00 00 00 3B 01 00
>>> A5 12 6A 04 00 69 01 30 40 00
>>> A5 22 1A 05 00 91 01 E0 A5 00 02
<<< A5 12 1A 04 00 A4 01 E0 A5 00 A5 22 6B 16 00 96 01 30 40 00 07 00 02 01 02 01 64 01 00 00 01 01 00 00 00 3B 01 00
>>> A5 12 6B 04 00 68 01 30 40 00
<<< A5 22 6C 16 00 95 01 30 40 00 07 00 02 01 02 01 64 01 00 00 01 01 00 00 00 3B 01 00
>>> A5 12 6C 04 00 67 01 30 40 00
>>> A5 22 1B 07 00 11 01 60 A2 00 00 01 01
<<< A5 12 1B 04 00 26 01 60 A2 00
<<< A5 22 6D 16 00 96 01 30 40 00 07 00 02 01 00 01 64 01 00 00 01 01 00 00 00 3B 01 00
>>> A5 12 6D 04 00 66 01 30 40 00
<<< A5 22 6E 16 00 95 01 30 40 00 07 00 02 01 00 01 64 01 00 00 01 01 00 00 00 3B 01 00
>>> A5 12 6E 04 00 65 01 30 40 00
>>> A5 22 1C 05 00 8F 01 E0 A5 00 02
<<< A5 12 1C 04 00 A2 01 E0 A5 00
<<< A5 22 6F 16 00 92 01 30 40 00 07 00 02 01 02 01 64 01 00 00 01 01 00 00 00 3B 01 00
>>> A5 12 6F 04 00 64 01 30 40 00
>>> A5 22 1D 07 00 0F 01 60 A2 00 00 01 01
<<< A5 12 1D 04 00 24 01 60 A2 00
<<< A5 22 70 16 00 93 01 30 40 00 07 00 02 01 00 01 64 01 00 00 01 01 00 00 00 3B 01 00
>>> A5 12 70 04 00 63 01 30 40 00
<<< A5 22 71 16 00 92 01 30 40 00 07 00 02 01 00 01 64 01 00 00 01 01 00 00 00 3B 01 00
>>> A5 12 71 04 00 62 01 30 40 00
>>> A5 22 1E 05 00 8D 01 E0 A5 00 02
<<< A5 12 1E 04 00 A0 01 E0 A5 00
<<< A5 22 72 16 00 8F 01 30 40 00 07 00 02 01 02 01 64 01 00 00 01 01 00 00 00 3B 01 00
>>> A5 12 72 04 00 61 01 30 40 00
>>> A5 22 1F 07 00 0D 01 60 A2 00 00 01 01
<<< A5 12 1F 04 00 22 01 60 A2 00 A5 22 73 16 00 90 01 30 40 00 07 00 02 01 00 01 64 01 00 00 01 01 00 00 00 3B 01 00
>>> A5 12 73 04 00 60 01 30 40 00
<<< A5 22 74 16 00 8F 01 30 40 00 07 00 02 01 00 01 64 01 00 00 01 01 00 00 00 3B 01 00
>>> A5 12 74 04 00 5F 01 30 40 00
>>> A5 22 20 05 00 8B 01 E0 A5 00 02
<<< A5 12 20 04 00 9E 01 E0 A5 00 A5 22 75 16 00 8C 01 30 40 00 07 00 02 01 02 01 64 01 00 00 01 01 00 00 00 3B 01 00
>>> A5 12 75 04 00 5E 01 30 40 00
>>> A5 22 21 07 00 0B 01 60 A2 00 00 01 01
<<< A5 12 21 04 00 20 01 60 A2 00 A5 22 76 16 00 8D 01 30 40 00 07 00 02 01 00 01 64 01 00 00 01 01 00 00 00 3B 01 00
>>> A5 12 76 04 00 5D 01 30 40 00
<<< A5 22 77 16 00 8C 01 30 40 00 07 00 02 01 00 01 64 01 00 00 01 01 00 00 00 3B 01 00
>>> A5 12 77 04 00 5C 01 30 40 00
>>> A5 22 22 05 00 89 01 E0 A5 00 02
<<< A5 12 22 04 00 9C 01 E0 A5 00 A5 22 78 16 00 89 01 30 40 00 07 00 02 01 02 01 64 01 00 00 01 01 00 00 00 3B 01 00
>>> A5 12 78 04 00 5B 01 30 40 00
<<< A5 22 79 16 00 88 01 30 40 00 07 00 02 01 02 01 64 01 00 00 01 01 00 00 00 3B 01 00
>>> A5 12 79 04 00 5A 01 30 40 00
>>> A5 22 23 07 00 09 01 60 A2 00 00 01 01
<<< A5 12 23 04 00 1E 01 60 A2 00 A5 22 7A 16 00 89 01 30 40 00 07 00 02 01 00 01 64 01 00 00 01 01 00 00 00 3B 01 00
>>> A5 12 7A 04 00 59 01 30 40 00
<<< A5 22 7B 16 00 88 01 30 40 00 07 00 02 01 00 01 64 01 00 00 01 01 00 00 00 3B 01 00
>>> A5 12 7B 04 00 58 01 30 40 00
>>> A5 22 24 05 00 87 01 E0 A5 00 02
<<< A5 12 24 04 00 9A 01 E0 A5 00 A5 22 7C 16 00 85 01 30 40 00 07 00 02 01 02 01 64 01 00 00 01 01 00 00 00 3B 01 00
>>> A5 12 7C 04 00 57 01 30 40 00
<<< A5 22 7D 16 00 84 01 30 40 00 07 00 02 01 02 01 64 01 00 00 01 01 00 00 00 3B 01 00
>>> A5 12 7D 04 00 56 01 30 40 00
>>> A5 22 25 07 00 05 01 60 A2 00 00 01 03
<<< A5 12 25 04 00 1C 01 60 A2 00
<<< A5 22 7E 16 00 83 01 30 40 00 07 00 02 01 00 03 64 01 00 00 01 01 00 00 00 3B 01 00
>>> A5 12 7E 04 00 55 01 30 40 00
<<< A5 22 7F 16 00 82 01 30 40 00 07 00 02 01 00 03 64 01 00 00 01 01 00 00 00 3B 01 00
>>> A5 12 7F 04 00 54 01 30 40 00
<<< A5 22 80 16 00 81 01 30 40 00 07 00 02 01 00 03 64 01 00 00 01 01 00 00 00 3B 01 00
>>> A5 12 80 04 00 53 01 30 40 00
<<< A5 22 81 16 00 80 01 30 40 00 07 00 02 01 00 03 64 01 00 00 01 01 00 00 00 3B 01 00
>>> A5 12 81 04 00 52 01 30 40 00
<<< A5 22 82 16 00 7F 01 30 40 00 07 00 02 01 00 03 64 01 00 00 01 01 00 00 00 3B 01 00
>>> A5 12 82 04 00 51 01 30 40 00
<<< A5 22 83 16 00 7E 01 30 40 00 07 00 02 01 00 03 64 01 00 00 01 01 00 00 00 3B 01 00
>>> A5 12 83 04 00 50 01 30 40 00
>>> A5 22 26 07 00 05 01 60 A2 00 00 01 02
<<< A5 12 26 04 00 1B 01 60 A2 00 A5 22 84 16 00 7E 01 30 40 00 07 00 02 01 00 02 64 01 00 00 01 01 00 00 00 3B 01 00
>>> A5 12 84 04 00 4F 01 30 40 00
>>> A5 22 27 07 00 03 01 60 A2 00 00 01 03
<<< A5 12 27 04 00 1A 01 60 A2 00 A5 22 85 16 00 7C 01 30 40 00 07 00 02 01 00 03 64 01 00 00 01 01 00 00 00 3B 01 00
>>> A5 12 85 04 00 4E 01 30 40 00
<<< A5 22 86 16 00 7B 01 30 40 00 07 00 02 01 00 03 64 01 00 00 01 01 00 00 00 3B 01 00
>>> A5 12 86 04 00 4D 01 30 40 00
<<< A5 22 87 16 00 7A 01 30 40 00 07 00 02 01 00 03 64 01 00 00 01 01 00 00 00 3B 01 00
>>> A5 12 87 04 00 4C 01 30 40 00
>>> A5 22 28 07 00 03 01 60 A2 00 00 01 02
<<< A5 12 28 04 00 19 01 60 A2 00 A5 22 88 16 00 7A 01 30 40 00 07 00 02 01 00 02 64 01 00 00 01 01 00 00 00 3B 01 00
>>> A5 12 88 04 00 4B 01 30 40 00
>>> A5 22 29 07 00 01 01 60 A2 00 00 01 03
<<< A5 12 29 04 00 18 01 60 A2 00 A5 22 89 16 00 78 01 30 40 00 07 00 02 01 00 03 64 01 00 00 01 01 00 00 00 3B 01 00
>>> A5 12 89 04 00 4A 01 30 40 00
<<< A5 22 8A 16 00 77 01 30 40 00 07 00 02 01 00 03 64 01 00 00 01 01 00 00 00 3B 01 00
>>> A5 12 8A 04 00 49 01 30 40 00
>>> A5 22 2A 05 00 81 01 E0 A5 00 02
<<< A5 12 2A 04 00 94 01 E0 A5 00
<<< A5 22 8B 16 00 74 01 30 40 00 07 00 02 01 02 03 64 01 00 00 01 01 00 00 00 3B 01 00
>>> A5 12 8B 04 00 48 01 30 40 00
>>> A5 22 2B 07 00 FF 01 60 A2 00 00 01 03
<<< A5 12 2B 04 00 16 01 60 A2 00
<<< A5 22 8C 16 00 75 01 30 40 00 07 00 02 01 00 03 64 01 00 00 01 01 00 00 00 3B 01 00
>>> A5 12 8C 04 00 47 01 30 40 00
<<< A5 22 8D 16 00 74 01 30 40 00 07 00 02 01 00 03 64 01 00 00 01 01 00 00 00 3B 01 00
>>> A5 12 8D 04 00 46 01 30 40 00
<<< A5 22 8E 16 00 73 01 30 40 00 07 00 02 01 00 03 64 01 00 00 01 01 00 00 00 3B 01 00
>>> A5 12 8E 04 00 45 01 30 40 00
>>> A5 22 2C 05 00 7F 01 E0 A5 00 02
<<< A5 12 2C 04 00 92 01 E0 A5 00
<<< A5 22 8F 16 00 70 01 30 40 00 07 00 02 01 02 03 64 01 00 00 01 01 00 00 00 3B 01 00
>>> A5 12 8F 04 00 44 01 30 40 00
<<< A5 22 90 16 00 6F 01 30 40 00 07 00 02 01 02 03 64 01 00 00 01 01 00 00 00 3B 01 00
>>> A5 12 90 04 00 43 01 30 40 00
<<< A5 22 91 16 00 6E 01 30 40 00 07 00 02 01 02 03 64 01 00 00 01 01 00 00 00 3B 01 00
>>> A5 12 91 04 00 42 01 30 40 00
>>> A5 22 2D 07 00 FD 01 60 A2 00 00 01 03
<<< A5 12 2D 04 00 14 01 60 A2 00 A5 22 92 16 00 6F 01 30 40 00 07 00 02 01 00 03 64 01 00 00 01 01 00 00 00 3B 01 00
>>> A5 12 92 04 00 41 01 30 40 00
<<< A5 22 93 16 00 6E 01 30 40 00 07 00 02 01 00 03 64 01 00 00 01 01 00 00 00 3B 01 00
>>> A5 12 93 04 00 40 01 30 40 00
>>> A5 22 2E 07 00 FE 01 60 A2 00 00 01 01
<<< A5 12 2E 04 00 13 01 60 A2 00 A5 22 94 16 00 6F 01 30 40 00 07 00 02 01 00 01 64 01 00 00 01 01 00 00 00 3B 01 00
>>> A5 12 94 04 00 3F 01 30 40 00
>>> A5 22 2F 05 00 7C 01 E0 A5 00 02
<<< A5 12 2F 04 00 8F 01 E0 A5 00 A5 22 95 16 00 6C 01 30 40 00 07 00 02 01 02 01 64 01 00 00 01 01 00 00 00 3B 01 00
>>> A5 12 95 04 00 3E 01 30 40 00
<<< A5 22 96 16 00 6B 01 30 40 00 07 00 02 01 02 01 64 01 00 00 01 01 00 00 00 3B 01 00
>>> A5 12 96 04 00 3D 01 30 40 00
>>> A5 22 30 07 00 FA 01 60 A2 00 00 01 03
<<< A5 12 30 04 00 11 01 60 A2 00 A5 22 97 16 00 6A 01 30 40 00 07 00 02 01 00 03 64 01 00 00 01 01 00 00 00 3B 01 00
>>> A5 12 97 04 00 3C 01 30 40 00
<<< A5 22 98 16 00 69 01 30 40 00 07 00 02 01 00 03 64 01 00 00 01 01 00 00 00 3B 01 00
>>> A5 12 98 04 00 3B 01 30 40 00
<<< A5 22 99 16 00 68 01 30 40 00 07 00 02 01 00 03 64 01 00 00 01 01 00 00 00 3B 01 00
>>> A5 12 99 04 00 3A 01 30 40 00
>>> A5 22 31 05 00 7B 01 E0 A5 00 01
<<< A5 12 31 04 00 8D 01 E0 A5 00
<<< A5 22 9A 16 00 66 01 30 40 00 07 00 02 01 01 03 64 01 00 00 01 01 00 00 00 3B 01 00
>>> A5 12 9A 04 00 39 01 30 40 00
<<< A5 22 9B 16 00 65 01 30 40 00 07 00 02 01 01 03 64 01 00 00 01 01 00 00 00 3B 01 00
>>> A5 12 9B 04 00 38 01 30 40 00
<<< A5 22 9C 16 00 C8 01 30 40 00 07 00 02 01 01 03 00 01 00 00 01 01 00 00 00 3B 01 00
>>> A5 12 9C 04 00 37 01 30 40 00
<<< A5 22 9D 16 00 C7 01 30 40 00 07 00 02 01 01 03 00 01 00 00 01 01 00 00 00 3B 01 00
>>> A5 12 9D 04 00 36 01 30 40 00
>>> A5 22 32 07 00 F8 01 60 A2 00 00 01 03
<<< A5 12 32 04 00 0F 01 60 A2 00 A5 22 9E 16 00 63 01 30 40 00 07 00 02 01 00 03 64 01 00 00 01 01 00 00 00 3B 01 00
>>> A5 12 9E 04 00 35 01 30 40 00
<<< A5 22 9F 16 00 62 01 30 40 00 07 00 02 01 00 03 64 01 00 00 01 01 00 00 00 3B 01 00
>>> A5 12 9F 04 00 34 01 30 40 00
<<< A5 22 A0 16 00 61 01 30 40 00 07 00 02 01 00 03 64 01 00 00 01 01 00 00 00 3B 01 00
>>> A5 12 A0 04 00 33 01 30 40 00
>>> A5 22 33 05 00 79 01 E0 A5 00 01
<<< A5 12 33 04 00 8B 01 E0 A5 00 A5 22 A1 16 00 5F 01 30 40 00 07 00 02 01 01 03 64 01 00 00 01 01 00 00 00 3B 01 00
>>> A5 12 A1 04 00 32 01 30 40 00
<<< A5 22 A2 16 00 C2 01 30 40 00 07 00 02 01 01 03 00 01 00 00 01 01 00 00 00 3B 01 00
>>> A5 12 A2 04 00 31 01 30 40 00
<<< A5 22 A3 16 00 C1 01 30 40 00 07 00 02 01 01 03 00 01 00 00 01 01 00 00 00 3B 01 00
>>> A5 12 A3 04 00 30 01 30 40 00
<<< A5 22 A4 16 00 C0 01 30 40 00 07 00 02 01 01 03 00 01 00 00 01 01 00 00 00 3B 01 00
>>> A5 12 A4 04 00 2F 01 30 40 00
<<< A5 22 A5 16 00 BF 01 30 40 00 07 00 02 01 01 03 00 01 00 00 01 01 00 00 00 3B 01 00
>>> A5 12 A5 04 00 2E 01 30 40 00
>>> A5 22 34 07 00 F6 01 60 A2 00 00 01 03
<<< A5 12 34 04 00 0D 01 60 A2 00
<<< A5 22 A6 16 00 5B 01 30 40 00 07 00 02 01 00 03 64 01 00 00 01 01 00 00 00 3B 01 00
>>> A5 12 A6 04 00 2D 01 30 40 00
<<< A5 22 A7 16 00 5A 01 30 40 00 07 00 02 01 00 03 64 01 00 00 01 01 00 00 00 3B 01 00
>>> A5 12 A7 04 00 2C 01 30 40 00
>>> A5 22 35 05 00 77 01 E0 A5 00 01
<<< A5 12 35 04 00 89 01 E0 A5 00
<<< A5 22 A8 16 00 58 01 30 40 00 07 00 02 01 01 03 64 01 00 00 01 01 00 00 00 3B 01 00
>>> A5 12 A8 04 00 2B 01 30 40 00
<<< A5 22 A9 16 00 57 01 30 40 00 07 00 02 01 01 03 64 01 00 00 01 01 00 00 00 3B 01 00
>>> A5 12 A9 04 00 2A 01 30 40 00
<<< A5 22 AA 16 00 BA 01 30 40 00 07 00 02 01 01 03 00 01 00 00 01 01 00 00 00 3B 01 00
>>> A5 12 AA 04 00 29 01 30 40 00
<<< A5 22 AB 16 00 B9 01 30 40 00 07 00 02 01 01 03 00 01 00 00 01 01 00 00 00 3B 01 00
>>> A5 12 AB 04 00 28 01 30 40 00
>>> A5 22 36 07 00 F4 01 60 A2 00 00 01 03
<<< A5 12 36 04 00 0B 01 60 A2 00 A5 22 AC 16 00 55 01 30 40 00 07 00 02 01 00 03 64 01 00 00 01 01 00 00 00 3B 01 00
>>> A5 12 AC 04 00 27 01 30 40 00
<<< A5 22 AD 16 00 54 01 30 40 00 07 00 02 01 00 03 64 01 00 00 01 01 00 00 00 3B 01 00
>>> A5 12 AD 04 00 26 01 30 40 00
<<< A5 22 AE 16 00 53 01 30 40 00 07 00 02 01 00 03 64 01 00 00 01 01 00 00 00 3B 01 00
>>> A5 12 AE 04 00 25 01 30 40 00
>>> A5 22 37 05 00 75 01 E0 A5 00 01
<<< A5 12 37 04 00 87 01 E0 A5 00 A5 22 AF 16 00 51 01 30 40 00 07 00 02 01 01 03 64 01 00 00 01 01 00 00 00 3B 01 00
>>> A5 12 AF 04 00 24 01 30 40 00
<<< A5 22 B0 16 00 B4 01 30 40 00 07 00 02 01 01 03 00 01 00 00 01 01 00 00 00 3B 01 00
>>> A5 12 B0 04 00 23 01 30 40 00
<<< A5 22 B1 16 00 B3 01 30 40 00 07 00 02 01 01 03 00 01 00 00 01 01 00 00 00 3B 01 00
>>> A5 12 B1 04 00 22 01 30 40 00
>>> A5 22 38 07 00 F2 01 60 A2 00 00 01 03
<<< A5 12 38 04 00 09 01 60 A2 00
<<< A5 22 B2 16 00 4F 01 30 40 00 07 00 02 01 00 03 64 01 00 00 01 01 00 00 00 3B 01 00
>>> A5 12 B2 04 00 21 01 30 40 00
<<< A5 22 B3 16 00 4E 01 30 40 00 07 00 02 01 00 03 64 01 00 00 01 01 00 00 00 3B 01 00
>>> A5 12 B3 04 00 20 01 30 40 00
>>> A5 22 39 05 00 73 01 E0 A5 00 01
<<< A5 12 39 04 00 85 01 E0 A5 00
<<< A5 22 B4 16 00 4C 01 30 40 00 07 00 02 01 01 03 64 01 00 00 01 01 00 00 00 3B 01 00
>>> A5 12 B4 04 00 1F 01 30 40 00
<<< A5 22 B5 16 00 AF 01 30 40 00 07 00 02 01 01 03 00 01 00 00 01 01 00 00 00 3B 01 00
>>> A5 12 B5 04 00 1E 01 30 40 00
>>> A5 22 3A 07 00 F0 01 60 A2 00 00 01 03
<<< A5 12 3A 04 00 07 01 60 A2 00
<<< A5 22 B6 16 00 4B 01 30 40 00 07 00 02 01 00 03 64 01 00 00 01 01 00 00 00 3B 01 00
>>> A5 12 B6 04 00 1D 01 30 40 00
<<< A5 22 B7 16 00 4A 01 30 40 00 07 00 02 01 00 03 64 01 00 00 01 01 00 00 00 3B 01 00
>>> A5 12 B7 04 00 1C 01 30 40 00
>>> A5 22 3B 05 00 71 01 E0 A5 00 01
<<< A5 12 3B 04 00 83 01 E0 A5 00 A5 22 B8 16 00 48 01 30 40 00 07 00 02 01 01 03 64 01 00 00 01 01 00 00 00 3B 01 00
>>> A5 12 B8 04 00 1B 01 30 40 00
<<< A5 22 B9 16 00 47 01 30 40 00 07 00 02 01 01 03 64 01 00 00 01 01 00 00 00 3B 01 00
>>> A5 12 B9 04 00 1A 01 30 40 00
<<< A5 22 BA 16 00 46 01 30 40 00 07 00 02 01 01 03 64 01 00 00 01 01 00 00 00 3B 01 00
>>> A5 12 BA 04 00 19 01 30 40 00
<<< A5 22 BB 16 00 A9 01 30 40 00 07 00 02 01 01 03 00 01 00 00 01 01 00 00 00 3B 01 00
>>> A5 12 BB 04 00 18 01 30 40 00
>>> A5 22 3C 07 00 EE 01 60 A2 00 00 01 03
<<< A5 12 3C 04 00 05 01 60 A2 00 A5 22 BC 16 00 45 01 30 40 00 07 00 02 01 00 03 64 01 00 00 01 01 00 00 00 3B 01 00
>>> A5 12 BC 04 00 17 01 30 40 00
<<< A5 22 BD 16 00 44 01 30 40 00 07 00 02 01 00 03 64 01 00 00 01 01 00 00 00 3B 01 00
>>> A5 12 BD 04 00 16 01 30 40 00
>>> A5 22 3D 05 00 55 01 00 A0 00 00
<<< A5 12 3D 04 00 66 01 00 A0 00 A5 22 BE 16 00 A8 01 30 40 00 07 00 02 00 00 03 00 01 00 00 01 01 00 00 00 3B 01 00
>>> A5 12 BE 04 00 15 01 30 40 00
<<< A5 22 BF 16 00 A7 01 30 40 00 07 00 02 00 00 03 00 01 00 00 01 01 00 00 00 3B 01 00
>>> A5 12 BF 04 00 14 01 30 40 00
<<< A5 22 C0 16 00 A6 01 30 40 00 07 00 02 00 00 03 00 01 00 00 01 01 00 00 00 3B 01 00
>>> A5 12 C0 04 00 13 01 30 40 00
<<< A5 22 C1 16 00 A5 01 30 40 00 07 00 02 00 00 03 00 01 00 00 01 01 00 00 00 3B 01 00
>>> A5 12 C1 04 00 12 01 30 40 00
<<< A5 22 C2 16 00 A4 01 30 40 00 07 00 02 00 00 03 00 01 00 00 01 01 00 00 00 3B 01 00
>>> A5 12 C2 04 00 11 01 30 40 00
<<< A5 22 C3 16 00 A3 01 30 40 00 07 00 02 00 00 03 00 01 00 00 01 01 00 00 00 3B 01 00
>>> A5 12 C3 04 00 10 01 30 40 00
>>> A5 22 3E 05 00 53 01 00 A0 00 01
<<< A5 12 3E 04 00 65 01 00 A0 00
<<< A5 22 C4 16 00 3D 01 30 40 00 07 00 02 01 00 03 64 01 00 00 01 01 00 00 00 3B 01 00
>>> A5 12 C4 04 00 0F 01 30 40 00
<<< A5 22 C5 16 00 3C 01 30 40 00 07 00 02 01 00 03 64 01 00 00 01 01 00 00 00 3B 01 00
>>> A5 12 C5 04 00 0E 01 30 40 00
<<< A5 22 C6 16 00 3B 01 30 40 00 07 00 02 01 00 03 64 01 00 00 01 01 00 00 00 3B 01 00
>>> A5 12 C6 04 00 0D 01 30 40 00
>>> A5 22 3F 05 00 53 01 00 A0 00 00
<<< A5 12 3F 04 00 64 01 00 A0 00 A5 22 C7 16 00 9F 01 30 40 00 07 00 02 00 00 03 00 01 00 00 01 01 00 00 00 3B 01 00
>>> A5 12 C7 04 00 0C 01 30 40 00
<<< A5 22 C8 16 00 9E 01 30 40 00 07 00 02 00 00 03 00 01 00 00 01 01 00 00 00 3B 01 00
>>> A5 12 C8 04 00 0B 01 30 40 00
<<< A5 22 C9 16 00 9D 01 30 40 00 07 00 02 00 00 03 00 01 00 00 01 01 00 00 00 3B 01 00
>>> A5 12 C9 04 00 0A 01 30 40 00
<<< A5 22 CA 16 00 9C 01 30 40 00 07 00 02 00 00 03 00 01 00 00 01 01 00 00 00 3B 01 00
>>> A5 12 CA 04 00 09 01 30 40 00
<<< A5 22 CB 16 00 9B 01 30 40 00 07 00 02 00 00 03 00 01 00 00 01 01 00 00 00 3B 01 00
>>> A5 12 CB 04 00 08 01 30 40 00
>>> A5 22 40 05 00 51 01 00 A0 00 01
<<< A5 12 40 04 00 63 01 00 A0 00 A5 22 CC 16 00 35 01 30 40 00 07 00 02 01 00 03 64 01 00 00 01 01 00 00 00 3B 01 00
>>> A5 12 CC 04 00 07 01 30 40 00
<<< A5 22 CD 16 00 34 01 30 40 00 07 00 02 01 00 03 64 01 00 00 01 01 00 00 00 3B 01 00
>>> A5 12 CD 04 00 06 01 30 40 00
<<< A5 22 CE 16 00 33 01 30 40 00 07 00 02 01 00 03 64 01 00 00 01 01 00 00 00 3B 01 00
>>> A5 12 CE 04 00 05 01 30 40 00
>>> A5 22 41 05 00 51 01 00 A0 00 00
<<< A5 12 41 04 00 62 01 00 A0 00
<<< A5 22 CF 16 00 97 01 30 40 00 07 00 02 00 00 03 00 01 00 00 01 01 00 00 00 3B 01 00
>>> A5 12 CF 04 00 04 01 30 40 00
<<< A5 22 D0 16 00 96 01 30 40 00 07 00 02 00 00 03 00 01 00 00 01 01 00 00 00 3B 01 00
>>> A5 12 D0 04 00 03 01 30 40 00
<<< A5 22 D1 16 00 95 01 30 40 00 07 00 02 00 00 03 00 01 00 00 01 01 00 00 00 3B 01 00
>>> A5 12 D1 04 00 02 01 30 40 00
>>> A5 22 42 05 00 4F 01 00 A0 00 01
<<< A5 12 42 04 00 61 01 00 A0 00 A5 22 D2 16 00 2F 01 30 40 00 07 00 02 01 00 03 64 01 00 00 01 01 00 00 00 3B 01 00
>>> A5 12 D2 04 00 01 01 30 40 00
<<< A5 22 D3 16 00 2E 01 30 40 00 07 00 02 01 00 03 64 01 00 00 01 01 00 00 00 3B 01 00
>>> A5 12 D3 04 00 00 01 30 40 00
<<< A5 22 D4 16 00 2D 01 30 40 00 07 00 02 01 00 03 64 01 00 00 01 01 00 00 00 3B 01 00
>>> A5 12 D4 04 00 FF 01 30 40 00
<<< A5 22 D5 16 00 2C 01 30 40 00 07 00 02 01 00 03 64 01 00 00 01 01 00 00 00 3B 01 00
>>> A5 12 D5 04 00 FE 01 30 40 00
>>> A5 22 43 05 00 4F 01 00 A0 00 00
<<< A5 12 43 04 00 60 01 00 A0 00 A5 22 D6 16 00 90 01 30 40 00 07 00 02 00 00 03 00 01 00 00 01 01 00 00 00 3B 01 00
>>> A5 12 D6 04 00 FD 01 30 40 00
<<< A5 22 D7 16 00 8F 01 30 40 00 07 00 02 00 00 03 00 01 00 00 01 01 00 00 00 3B 01 00
>>> A5 12 D7 04 00 FC 01 30 40 00
>>> A5 22 44 05 00 4D 01 00 A0 00 01
<<< A5 12 44 04 00 5F 01 00 A0 00
<<< A5 22 D8 16 00 29 01 30 40 00 07 00 02 01 00 03 64 01 00 00 01 01 00 00 00 3B 01 00
>>> A5 12 D8 04 00 FB 01 30 40 00
<<< A5 22 D9 16 00 28 01 30 40 00 07 00 02 01 00 03 64 01 00 00 01 01 00 00 00 3B 01 00
>>> A5 12 D9 04 00 FA 01 30 40 00
<<< A5 22 DA 16 00 27 01 30 40 00 07 00 02 01 00 03 64 01 00 00 01 01 00 00 00 3B 01 00
>>> A5 12 DA 04 00 F9 01 30 40 00
>>> A5 22 45 05 00 4D 01 00 A0 00 00
<<< A5 12 45 04 00 5E 01 00 A0 00
<<< A5 22 DB 16 00 8B 01 30 40 00 07 00 02 00 00 03 00 01 00 00 01 01 00 00 00 3B 01 00
>>> A5 12 DB 04 00 F8 01 30 40 00
<<< A5 22 DC 16 00 8A 01 30 40 00 07 00 02 00 00 03 00 01 00 00 01 01 00 00 00 3B 01 00
>>> A5 12 DC 04 00 F7 01 30 40 00
<<< A5 22 DD 16 00 89 01 30 40 00 07 00 02 00 00 03 00 01 00 00 01 01 00 00 00 3B 01 00
>>> A5 12 DD 04 00 F6 01 30 40 00
>>> A5 22 46 05 00 4B 01 00 A0 00 01
<<< A5 12 46 04 00 5D 01 00 A0 00
<<< A5 22 DE 16 00 23 01 30 40 00 07 00 02 01 00 03 64 01 00 00 01 01 00 00 00 3B 01 00
>>> A5 12 DE 04 00 F5 01 30 40 00
<<< A5 22 DF 16 00 22 01 30 40 00 07 00 02 01 00 03 64 01 00 00 01 01 00 00 00 3B 01 00
>>> A5 12 DF 04 00 F4 01 30 40 00
>>> A5 22 47 05 00 4B 01 00 A0 00 00
<<< A5 12 47 04 00 5C 01 00 A0 00 A5 22 E0 16 00 86 01 30 40 00 07 00 02 00 00 03 00 01 00 00 01 01 00 00 00 3B 01 00
>>> A5 12 E0 04 00 F3 01 30 40 00
<<< A5 22 E1 16 00 85 01 30 40 00 07 00 02 00 00 03 00 01 00 00 01 01 00 00 00 3B 01 00
>>> A5 12 E1 04 00 F2 01 30 40 00
>>> A5 22 48 05 00 49 01 00 A0 00 01
<<< A5 12 48 04 00 5B 01 00 A0 00 A5 22 E2 16 00 1F 01 30 40 00 07 00 02 01 00 03 64 01 00 00 01 01 00 00 00 3B 01 00
>>> A5 12 E2 04 00 F1 01 30 40 00
<<< A5 22 E3 16 00 1E 01 30 40 00 07 00 02 01 00 03 64 01 00 00 01 01 00 00 00 3B 01 00
>>> A5 12 E3 04 00 F0 01 30 40 00
<<< A5 22 E4 16 00 1D 01 30 40 00 07 00 02 01 00 03 64 01 00 00 01 01 00 00 00 3B 01 00
>>> A5 12 E4 04 00 EF 01 30 40 00
<<< A5 22 E5 16 00 1C 01 30 40 00 07 00 02 01 00 03 64 01 00 00 01 01 00 00 00 3B 01 00
>>> A5 12 E5 04 00 EE 01 30 40 00
>>> A5 22 49 05 00 49 01 00 A0 00 00
<<< A5 12 49 04 00 5A 01 00 A0 00 A5 22 E6 16 00 80 01 30 40 00 07 00 02 00 00 03 00 01 00 00 01 01 00 00 00 3B 01 00
>>> A5 12 E6 04 00 ED 01 30 40 00
<<< A5 22 E7 16 00 7F 01 30 40 00 07 00 02 00 00 03 00 01 00 00 01 01 00 00 00 3B 01 00
>>> A5 12 E7 04 00 EC 01 30 40 00
>>> A5 22 4A 05 00 47 01 00 A0 00 01
<<< A5 12 4A 04 00 59 01 00 A0 00
<<< A5 22 E8 16 00 19 01 30 40 00 07 00 02 01 00 03 64 01 00 00 01 01 00 00 00 3B 01 00
>>> A5 12 E8 04 00 EB 01 30 40 00
<<< A5 22 E9 16 00 18 01 30 40 00 07 00 02 01 00 03 64 01 00 00 01 01 00 00 00 3B 01 00
>>> A5 12 E9 04 00 EA 01 30 40 00
<<< A5 22 EA 16 00 17 01 30 40 00 07 00 02 01 00 03 64 01 00 00 01 01 00 00 00 3B 01 00
>>> A5 12 EA 04 00 E9 01 30 40 00
<<< A5 22 EB 16 00 16 01 30 40 00 07 00 02 01 00 03 64 01 00 00 01 01 00 00 00 3B 01 00
>>> A5 12 EB 04 00 E8 01 30 40 00
<<< A5 22 EC 16 00 15 01 30 40 00 07 00 02 01 00 03 64 01 00 00 01 01 00 00 00 3B 01 00
>>> A5 12 EC 04 00 E7 01 30 40 00
<<< A5 22 ED 16 00 14 01 30 40 00 07 00 02 01 00 03 64 01 00 00 01 01 00 00 00 3B 01 00
>>> A5 12 ED 04 00 E6 01 30 40 00
>>> A5 22 4B 05 00 41 01 05 A1 00 00
<<< A5 12 4B 04 00 52 01 05 A1 00 A5 22 EE 16 00 78 01 30 40 00 07 00 02 01 00 03 00 00 00 00 01 01 00 00 00 3B 01 00
>>> A5 12 EE 04 00 E5 01 30 40 00
<<< A5 22 EF 16 00 77 01 30 40 00 07 00 02 01 00 03 00 00 00 00 01 01 00 00 00 3B 01 00
>>> A5 12 EF 04 00 E4 01 30 40 00
>>> A5 22 4C 05 00 DC 01 05 A1 00 64
<<< A5 12 4C 04 00 51 01 05 A1 00 A5 22 F0 16 00 11 01 30 40 00 07 00 02 01 00 03 64 01 00 00 01 01 00 00 00 3B 01 00
>>> A5 12 F0 04 00 E3 01 30 40 00
>>> A5 22 4D 05 00 3F 01 05 A1 00 00
<<< A5 12 4D 04 00 50 01 05 A1 00 A5 22 F1 16 00 75 01 30 40 00 07 00 02 01 00 03 00 00 00 00 01 01 00 00 00 3B 01 00
>>> A5 12 F1 04 00 E2 01 30 40 00
<<< A5 22 F2 16 00 74 01 30 40 00 07 00 02 01 00 03 00 00 00 00 01 01 00 00 00 3B 01 00
>>> A5 12 F2 04 00 E1 01 30 40 00
>>> A5 22 4E 05 00 DA 01 05 A1 00 64
<<< A5 12 4E 04 00 4F 01 05 A1 00
<<< A5 22 F3 16 00 0E 01 30 40 00 07 00 02 01 00 03 64 01 00 00 01 01 00 00 00 3B 01 00
>>> A5 12 F3 04 00 E0 01 30 40 00
>>> A5 22 4F 05 00 3D 01 05 A1 00 00
<<< A5 12 4F 04 00 4E 01 05 A1 00
<<< A5 22 F4 16 00 72 01 30 40 00 07 00 02 01 00 03 00 00 00 00 01 01 00 00 00 3B 01 00
>>> A5 12 F4 04 00 DF 01 30 40 00
<<< A5 22 F5 16 00 71 01 30 40 00 07 00 02 01 00 03 00 00 00 00 01 01 00 00 00 3B 01 00
>>> A5 12 F5 04 00 DE 01 30 40 00
>>> A5 22 50 05 00 D8 01 05 A1 00 64
<<< A5 12 50 04 00 4D 01 05 A1 00
<<< A5 22 F6 16 00 0B 01 30 40 00 07 00 02 01 00 03 64 01 00 00 01 01 00 00 00 3B 01 00
>>> A5 12 F6 04 00 DD 01 30 40 00
>>> A5 22 51 05 00 3B 01 05 A1 00 00
<<< A5 12 51 04 00 4C 01 05 A1 00 A5 22 F7 16 00 6F 01 30 40 00 07 00 02 01 00 03 00 00 00 00 01 01 00 00 00 3B 01 00
>>> A5 12 F7 04 00 DC 01 30 40 00
<<< A5 22 F8 16 00 6E 01 30 40 00 07 00 02 01 00 03 00 00 00 00 01 01 00 00 00 3B 01 00
>>> A5 12 F8 04 00 DB 01 30 40 00
>>> A5 22 52 05 00 D6 01 05 A1 00 64
<<< A5 12 52 04 00 4B 01 05 A1 00 A5 22 F9 16 00 08 01 30 40 00 07 00 02 01 00 03 64 01 00 00 01 01 00 00 00 3B 01 00
>>> A5 12 F9 04 00 DA 01 30 40 00
<<< A5 22 FA 16 00 07 01 30 40 00 07 00 02 01 00 03 64 01 00 00 01 01 00 00 00 3B 01 00
>>> A5 12 FA 04 00 D9 01 30 40 00
>>> A5 22 53 05 00 39 01 05 A1 00 00
<<< A5 12 53 04 00 4A 01 05 A1 00 A5 22 FB 16 00 6B 01 30 40 00 07 00 02 01 00 03 00 00 00 00 01 01 00 00 00 3B 01 00
>>> A5 12 FB 04 00 D8 01 30 40 00
>>> A5 22 54 05 00 D4 01 05 A1 00 64
<<< A5 12 54 04 00 49 01 05 A1 00 A5 22 FC 16 00 05 01 30 40 00 07 00 02 01 00 03 64 01 00 00 01 01 00 00 00 3B 01 00
>>> A5 12 FC 04 00 D7 01 30 40 00
>>> A5 22 55 05 00 37 01 05 A1 00 00
<<< A5 12 55 04 00 48 01 05 A1 00 A5 22 FD 16 00 69 01 30 40 00 07 00 02 01 00 03 00 00 00 00 01 01 00 00 00 3B 01 00
>>> A5 12 FD 04 00 D6 01 30 40 00
>>> A5 22 56 05 00 D2 01 05 A1 00 64
<<< A5 12 56 04 00 47 01 05 A1 00
<<< A5 22 FE 16 00 03 01 30 40 00 07 00 02 01 00 03 64 01 00 00 01 01 00 00 00 3B 01 00
>>> A5 12 FE 04 00 D5 01 30 40 00
<<< A5 22 FF 16 00 02 01 30 40 00 07 00 02 01 00 03 64 01 00 00 01 01 00 00 00 3B 01 00
>>> A5 12 FF 04 00 D4 01 30 40 00
>>> A5 22 57 05 00 35 01 05 A1 00 00
<<< A5 12 57 04 00 46 01 05 A1 00
<<< A5 22 00 16 00 66 01 30 40 00 07 00 02 01 00 03 00 00 00 00 01 01 00 00 00 3B 01 00
>>> A5 12 00 04 00 D3 01 30 40 00
>>> A5 22 58 05 00 D0 01 05 A1 00 64
<<< A5 12 58 04 00 45 01 05 A1 00
<<< A5 22 01 16 00 00 01 30 40 00 07 00 02 01 00 03 64 01 00 00 01 01 00 00 00 3B 01 00
>>> A5 12 01 04 00 D2 01 30 40 00
>>> A5 22 59 05 00 33 01 05 A1 00 00
<<< A5 12 59 04 00 44 01 05 A1 00
<<< A5 22 02 16 00 64 01 30 40 00 07 00 02 01 00 03 00 00 00 00 01 01 00 00 00 3B 01 00
>>> A5 12 02 04 00 D1 01 30 40 00
>>> A5 22 5A 05 00 CE 01 05 A1 00 64
<<< A5 12 5A 04 00 43 01 05 A1 00
<<< A5 22 03 16 00 FE 01 30 40 00 07 00 02 01 00 03 64 01 00 00 01 01 00 00 00 3B 01 00
>>> A5 12 03 04 00 D0 01 30 40 00
>>> A5 22 5B 05 00 31 01 05 A1 00 00
<<< A5 12 5B 04 00 42 01 05 A1 00 A5 22 04 16 00 62 01 30 40 00 07 00 02 01 00 03 00 00 00 00 01 01 00 00 00 3B 01 00
>>> A5 12 04 04 00 CF 01 30 40 00
<<< A5 22 05 16 00 61 01 30 40 00 07 00 02 01 00 03 00 00 00 00 01 01 00 00 00 3B 01 00
>>> A5 12 05 04 00 CE 01 30 40 00
>>> A5 22 5C 05 00 CC 01 05 A1 00 64
<<< A5 12 5C 04 00 41 01 05 A1 00 A5 22 06 16 00 FB 01 30 40 00 07 00 02 01 00 03 64 01 00 00 01 01 00 00 00 3B 01 00
>>> A5 12 06 04 00 CD 01 30 40 00
>>> A5 22 5D 05 00 2F 01 05 A1 00 00
<<< A5 12 5D 04 00 40 01 05 A1 00 A5 22 07 16 00 5F 01 30 40 00 07 00 02 01 00 03 00 00 00 00 01 01 00 00 00 3B 01 00
>>> A5 12 07 04 00 CC 01 30 40 00
>>> A5 22 5E 05 00 CA 01 05 A1 00 64
<<< A5 12 5E 04 00 3F 01 05 A1 00 A5 22 08 16 00 F9 01 30 40 00 07 00 02 01 00 03 64 01 00 00 01 01 00 00 00 3B 01 00
>>> A5 12 08 04 00 CB 01 30 40 00
<<< A5 22 09 16 00 F8 01 30 40 00 07 00 02 01 00 03 64 01 00 00 01 01 00 00 00 3B 01 00
>>> A5 12 09 04 00 CA 01 30 40 00
>>> A5 22 5F 05 00 2D 01 05 A1 00 00
<<< A5 12 5F 04 00 3E 01 05 A1 00 A5 22 0A 16 00 5C 01 30 40 00 07 00 02 01 00 03 00 00 00 00 01 01 00 00 00 3B 01 00
>>> A5 12 0A 04 00 C9 01 30 40 00
>>> A5 22 60 05 00 C8 01 05 A1 00 64
<<< A5 12 60 04 00 3D 01 05 A1 00
<<< A5 22 0B 16 00 F6 01 30 40 00 07 00 02 01 00 03 64 01 00 00 01 01 00 00 00 3B 01 00
>>> A5 12 0B 04 00 C8 01 30 40 00
>>> A5 22 61 05 00 2B 01 05 A1 00 00
<<< A5 12 61 04 00 3C 01 05 A1 00
<<< A5 22 0C 16 00 5A 01 30 40 00 07 00 02 01 00 03 00 00 00 00 01 01 00 00 00 3B 01 00
>>> A5 12 0C 04 00 C7 01 30 40 00
<<< A5 22 0D 16 00 59 01 30 40 00 07 00 02 01 00 03 00 00 00 00 01 01 00 00 00 3B 01 00
>>> A5 12 0D 04 00 C6 01 30 40 00
>>> A5 22 62 05 00 C6 01 05 A1 00 64
<<< A5 12 62 04 00 3B 01 05 A1 00
<<< A5 22 0E 16 00 F3 01 30 40 00 07 00 02 01 00 03 64 01 00 00 01 01 00 00 00 3B 01 00
>>> A5 12 0E 04 00 C5 01 30 40 00
<<< A5 22 0F 16 00 F2 01 30 40 00 07 00 02 01 00 03 64 01 00 00 01 01 00 00 00 3B 01 00
>>> A5 12 0F 04 00 C4 01 30 40 00
<<< A5 22 10 16 00 F1 01 30 40 00 07 00 02 01 00 03 64 01 00 00 01 01 00 00 00 3B 01 00
>>> A5 12 10 04 00 C3 01 30 40 00
<<< A5 22 11 16 00 F0 01 30 40 00 07 00 02 01 00 03 64 01 00 00 01 01 00 00 00 3B 01 00
>>> A5 12 11 04 00 C2 01 30 40 00
>>> A5 22 63 05 00 FD 01 00 D1 00 01
<<< A5 12 63 04 00 0F 01 00 D1 00 A5 22 12 16 00 EE 01 30 40 00 07 00 02 01 00 03 64 01 00 00 01 01 00 01 00 3B 01 00
>>> A5 12 12 04 00 C1 01 30 40 00
>>> A5 22 64 05 00 FD 01 00 D1 00 00
<<< A5 12 64 04 00 0E 01 00 D1 00 A5 22 13 16 00 EE 01 30 40 00 07 00 02 01 00 03 64 01 00 00 01 01 00 00 00 3B 01 00
>>> A5 12 13 04 00 C0 01 30 40 00
>>> A5 22 65 05 00 FB 01 00 D1 00 01
<<< A5 12 65 04 00 0D 01 00 D1 00 A5 22 14 16 00 EC 01 30 40 00 07 00 02 01 00 03 64 01 00 00 01 01 00 01 00 3B 01 00
>>> A5 12 14 04 00 BF 01 30 40 00
<<< A5 22 15 16 00 EB 01 30 40 00 07 00 02 01 00 03 64 01 00 00 01 01 00 01 00 3B 01 00
>>> A5 12 15 04 00 BE 01 30 40 00
>>> A5 22 66 05 00 FB 01 00 D1 00 00
<<< A5 12 66 04 00 0C 01 00 D1 00 A5 22 16 16 00 EB 01 30 40 00 07 00 02 01 00 03 64 01 00 00 01 01 00 00 00 3B 01 00
>>> A5 12 16 04 00 BD 01 30 40 00
<<< A5 22 17 16 00 EA 01 30 40 00 07 00 02 01 00 03 64 01 00 00 01 01 00 00 00 3B 01 00
>>> A5 12 17 04 00 BC 01 30 40 00
>>> A5 22 67 05 00 F9 01 00 D1 00 01
<<< A5 12 67 04 00 0B 01 00 D1 00 A5 22 18 16 00 E8 01 30 40 00 07 00 02 01 00 03 64 01 00 00 01 01 00 01 00 3B 01 00
>>> A5 12 18 04 00 BB 01 30 40 00
>>> A5 22 68 05 00 F9 01 00 D1 00 00
<<< A5 12 68 04 00 0A 01 00 D1 00
<<< A5 22 19 16 00 E8 01 30 40 00 07 00 02 01 00 03 64 01 00 00 01 01 00 00 00 3B 01 00
>>> A5 12 19 04 00 BA 01 30 40 00
>>> A5 22 69 05 00 F7 01 00 D1 00 01
<<< A5 12 69 04 00 09 01 00 D1 00
<<< A5 22 1A 16 00 E6 01 30 40 00 07 00 02 01 00 03 64 01 00 00 01 01 00 01 00 3B 01 00
>>> A5 12 1A 04 00 B9 01 30 40 00
<<< A5 22 1B 16 00 E5 01 30 40 00 07 00 02 01 00 03 64 01 00 00 01 01 00 01 00 3B 01 00
>>> A5 12 1B 04 00 B8 01 30 40 00
<<< A5 22 1C 16 00 E4 01 30 40 00 07 00 02 01 00 03 64 01 00 00 01 01 00 01 00 3B 01 00
>>> A5 12 1C 04 00 B7 01 30 40 00
>>> A5 22 6A 05 00 F7 01 00 D1 00 00
<<< A5 12 6A 04 00 08 01 00 D1 00
<<< A5 22 1D 16 00 E4 01 30 40 00 07 00 02 01 00 03 64 01 00 00 01 01 00 00 00 3B 01 00
>>> A5 12 1D 04 00 B6 01 30 40 00
<<< A5 22 1E 16 00 E3 01 30 40 00 07 00 02 01 00 03 64 01 00 00 01 01 00 00 00 3B 01 00
>>> A5 12 1E 04 00 B5 01 30 40 00
>>> A5 22 6B 05 00 F5 01 00 D1 00 01
<<< A5 12 6B 04 00 07 01 00 D1 00
<<< A5 22 1F 16 00 E1 01 30 40 00 07 00 02 01 00 03 64 01 00 00 01 01 00 01 00 3B 01 00
>>> A5 12 1F 04 00 B4 01 30 40 00
>>> A5 22 6C 05 00 F5 01 00 D1 00 00
<<< A5 12 6C 04 00 06 01 00 D1 00
<<< A5 22 20 16 00 E1 01 30 40 00 07 00 02 01 00 03 64 01 00 00 01 01 00 00 00 3B 01 00
>>> A5 12 20 04 00 B3 01 30 40 00
<<< A5 22 21 16 00 E0 01 30 40 00 07 00 02 01 00 03 64 01 00 00 01 01 00 00 00 3B 01 00
>>> A5 12 21 04 00 B2 01 30 40 00
<<< A5 22 22 16 00 DF 01 30 40 00 07 00 02 01 00 03 64 01 00 00 01 01 00 00 00 3B 01 00
>>> A5 12 22 04 00 B1 01 30 40 00
<<< A5 22 23 16 00 DE 01 30 40 00 07 00 02 01 00 03 64 01 00 00 01 01 00 00 00 3B 01 00
>>> A5 12 23 04 00 B0 01 30 40 00
<<< A5 22 24 16 00 DD 01 30 40 00 07 00 02 01 00 03 64 01 00 00 01 01 00 00 00 3B 01 00
>>> A5 12 24 04 00 AF 01 30 40 00
<<< A5 22 25 16 00 DC 01 30 40 00 07 00 02 01 00 03 64 01 00 00 01 01 00 00 00 3B 01 00
>>> A5 12 25 04 00 AE 01 30 40 00
<<< A5 22 26 16 00 DB 01 30 40 00 07 00 02 01 00 03 64 01 00 00 01 01 00 00 00 3B 01 00
>>> A5 12 26 04 00 AD 01 30 40 00
<<< A5 22 27 16 00 DA 01 30 40 00 07 00 02 01 00 03 64 01 00 00 01 01 00 00 00 3B 01 00
>>> A5 12 27 04 00 AC 01 30 40 00
<<< A5 22 28 16 00 D9 01 30 40 00 07 00 02 01 00 03 64 01 00 00 01 01 00 00 00 3B 01 00
>>> A5 12 28 04 00 AB 01 30 40 00
<<< A5 22 29 16 00 D8 01 30 40 00 07 00 02 01 00 03 64 01 00 00 01 01 00 00 00 3B 01 00
>>> A5 12 29 04 00 AA 01 30 40 00
<<< A5 22 2A 16 00 D7 01 30 40 00 07 00 02 01 00 03 64 01 00 00 01 01 00 00 00 3B 01 00
>>> A5 12 2A 04 00 A9 01 30 40 00
<<< A5 22 2B 16 00 D6 01 30 40 00 07 00 02 01 00 03 64 01 00 00 01 01 00 00 00 3B 01 00
>>> A5 12 2B 04 00 A8 01 30 40 00
<<< A5 22 2C 16 00 D5 01 30 40 00 07 00 02 01 00 03 64 01 00 00 01 01 00 00 00 3B 01 00
>>> A5 12 2C 04 00 A7 01 30 40 00
<<< A5 22 2D 16 00 D4 01 30 40 00 07 00 02 01 00 03 64 01 00 00 01 01 00 00 00 3B 01 00
>>> A5 12 2D 04 00 A6 01 30 40 00
<<< A5 22 2E 16 00 D3 01 30 40 00 07 00 02 01 00 03 64 01 00 00 01 01 00 00 00 3B 01 00
>>> A5 12 2E 04 00 A5 01 30 40 00
<<< A5 22 2F 16 00 D2 01 30 40 00 07 00 02 01 00 03 64 01 00 00 01 01 00 00 00 3B 01 00
>>> A5 12 2F 04 00 A4 01 30 40 00
<<< A5 22 30 16 00 D1 01 30 40 00 07 00 02 01 00 03 64 01 00 00 01 01 00 00 00 3B 01 00
>>> A5 12 30 04 00 A3 01 30 40 00
<<< A5 22 31 16 00 D0 01 30 40 00 07 00 02 01 00 03 64 01 00 00 01 01 00 00 00 3B 01 00
>>> A5 12 31 04 00 A2 01 30 40 00
<<< A5 22 32 16 00 CF 01 30 40 00 07 00 02 01 00 03 64 01 00 00 01 01 00 00 00 3B 01 00
>>> A5 12 32 04 00 A1 01 30 40 00
<<< A5 22 33 16 00 CE 01 30 40 00 07 00 02 01 00 03 64 01 00 00 01 01 00 00 00 3B 01 00
>>> A5 12 33 04 00 A0 01 30 40 00
<<< A5 22 34 16 00 CD 01 30 40 00 07 00 02 01 00 03 64 01 00 00 01 01 00 00 00 3B 01 00
>>> A5 12 34 04 00 9F 01 30 40 00
<<< A5 22 35 16 00 CC 01 30 40 00 07 00 02 01 00 03 64 01 00 00 01 01 00 00 00 3B 01 00
>>> A5 12 35 04 00 9E 01 30 40 00
<<< A5 22 36 16 00 CB 01 30 40 00 07 00 02 01 00 03 64 01 00 00 01 01 00 00 00 3B 01 00
>>> A5 12 36 04 00 9D 01 30 40 00
<<< A5 22 37 16 00 CA 01 30 40 00 07 00 02 01 00 03 64 01 00 00 01 01 00 00 00 3B 01 00
>>> A5 12 37 04 00 9C 01 30 40 00
<<< 00 00 00 00 00 00 00 00 00
>>> B1 03 00 00 00 00 00 00 00 00 00 00 00 00 00 00 00 04 00 00 00 00 00 00 00 00 00 00 00
