ESP32 >>> MCU 
ESP32 <<< MCU

A5 Start
22 Send 21 Ack
SeqNo
Size (After checksum)
0
Checksum

1 30 40 MCU
1 60 A2 ESP


0 End byte




Loopback program started
<<< A5 22 5B 16 0 A5 1 30 40 0 7 0 2 1 0 1 64 1 0 0 1 4 0 0 0 3B 1 0 
>>> A5 12 5B 4 0 78 1 30 40 0 
<<< A5 22 5C 16 0 A4 1 30 40 0 7 0 2 1 0 1 64 1 0 0 1 4 0 0 0 3B 1 0 
>>> A5 12 5C 4 0 77 1 30 40 0 
<<< A5 22 5D 16 0 A3 1 30 40 0 7 0 2 1 0 1 64 1 0 0 1 4 0 0 0 3B 1 0 
>>> A5 12 5D 4 0 76 1 30 40 0 
<<< A5 22 5E 16 0 A2 1 30 40 0 7 0 2 1 0 1 64 1 0 0 1 4 0 0 0 3B 1 0 
>>> A5 12 5E 4 0 75 1 30 40 0 
<<< A5 22 5F 16 0 A1 1 30 40 0 7 0 2 1 0 1 64 1 0 0 1 4 0 0 0 3B 1 0 
>>> A5 12 5F 4 0 74 1 30 40 0 
<<< A5 22 60 16 0 A0 1 30 40 0 7 0 2 1 0 1 64 1 0 0 1 4 0 0 0 3B 1 0 
>>> A5 12 60 4 0 73 1 30 40 0 
<<< A5 22 61 16 0 9F 1 30 40 0 7 0 2 1 0 1 64 1 0 0 1 4 0 0 0 3B 1 0 
>>> A5 12 61 4 0 72 1 30 40 0 
<<< A5 22 62 16 0 9E 1 30 40 0 7 0 2 1 0 1 64 1 0 0 1 4 0 0 0 3B 1 0 
>>> A5 12 62 4 0 71 1 30 40 0 
<<< A5 22 63 16 0 9D 1 30 40 0 7 0 2 1 0 1 64 1 0 0 1 4 0 0 0 3B 1 0 
>>> A5 12 63 4 0 70 1 30 40 0 
<<< A5 22 64 16 0 9C 1 30 40 0 7 0 2 1 0 1 64 1 0 0 1 4 0 0 0 3B 1 0 
>>> A5 12 64 4 0 6F 1 30 40 0 
<<< A5 22 65 16 0 9B 1 30 40 0 7 0 2 1 0 1 64 1 0 0 1 4 0 0 0 3B 1 0 
>>> A5 12 65 4 0 6E 1 30 40 0 
<<< A5 22 66 16 0 9A 1 30 40 0 7 0 2 1 0 1 64 1 0 0 1 4 0 0 0 3B 1 0 
>>> A5 12 66 4 0 6D 1 30 40 0 
<<< A5 22 67 16 0 99 1 30 40 0 7 0 2 1 0 1 64 1 0 0 1 4 0 0 0 3B 1 0 
>>> A5 12 67 4 0 6C 1 30 40 0 
<<< A5 22 68 16 0 98 1 30 40 0 7 0 2 1 0 1 64 1 0 0 1 4 0 0 0 3B 1 0 
>>> A5 12 68 4 0 6B 1 30 40 0 
<<< A5 22 69 16 0 98 1 30 40 0 7 0 2 1 0 1 64 1 0 0 1 3 0 0 0 3B 1 0 
>>> A5 12 69 4 0 6A 1 30 40 0 
<<< A5 22 6A 16 0 96 1 30 40 0 7 0 2 1 0 1 64 1 0 0 1 4 0 0 0 3B 1 0 
>>> A5 12 6A 4 0 69 1 30 40 0 
<<< A5 22 6B 16 0 95 1 30 40 0 7 0 2 1 0 1 64 1 0 0 1 4 0 0 0 3B 1 0 
>>> A5 12 6B 4 0 68 1 30 40 0 
<<< A5 22 6C 16 0 95 1 30 40 0 7 0 2 1 0 1 64 1 0 0 1 3 0 0 0 3B 1 0 
>>> A5 12 6C 4 0 67 1 30 40 0 
<<< A5 22 6D 16 0 94 1 30 40 0 7 0 2 1 0 1 64 1 0 0 1 3 0 0 0 3B 1 0 
>>> A5 12 6D 4 0 66 1 30 40 0 
<<< A5 22 6E 16 0 92 1 30 40 0 7 0 2 1 0 1 64 1 0 0 1 4 0 0 0 3B 1 0 
>>> A5 12 6E 4 0 65 1 30 40 0 
<<< A5 22 6F 16 0 92 1 30 40 0 7 0 2 1 0 1 64 1 0 0 1 3 0 0 0 3B 1 0 
>>> A5 12 6F 4 0 64 1 30 40 0 
<<< A5 22 70 16 0 91 1 30 40 0 7 0 2 1 0 1 64 1 0 0 1 3 0 0 0 3B 1 0 
>>> A5 12 70 4 0 63 1 30 40 0 
<<< A5 22 71 16 0 90 1 30 40 0 7 0 2 1 0 1 64 1 0 0 1 3 0 0 0 3B 1 0 
>>> A5 12 71 4 0 62 1 30 40 0 
<<< A5 22 72 16 0 8E 1 30 40 0 7 0 2 1 0 1 64 1 0 0 1 4 0 0 0 3B 1 0 
>>> A5 12 72 4 0 61 1 30 40 0 
<<< A5 22 73 16 0 8D 1 30 40 0 7 0 2 1 0 1 64 1 0 0 1 4 0 0 0 3B 1 0 
>>> A5 12 73 4 0 60 1 30 40 0 
<<< A5 22 74 16 0 8D 1 30 40 0 7 0 2 1 0 1 64 1 0 0 1 3 0 0 0 3B 1 0 
>>> A5 12 74 4 0 5F 1 30 40 0 
<<< A5 22 75 16 0 8B 1 30 40 0 7 0 2 1 0 1 64 1 0 0 1 4 0 0 0 3B 1 0 
>>> A5 12 75 4 0 5E 1 30 40 0 
<<< A5 22 76 16 0 8B 1 30 40 0 7 0 2 1 0 1 64 1 0 0 1 3 0 0 0 3B 1 0 
>>> A5 12 76 4 0 5D 1 30 40 0 
<<< A5 22 77 16 0 8A 1 30 40 0 7 0 2 1 0 1 64 1 0 0 1 3 0 0 0 3B 1 0 
>>> A5 12 77 4 0 5C 1 30 40 0 
<<< A5 22 78 16 0 89 1 30 40 0 7 0 2 1 0 1 64 1 0 0 1 3 0 0 0 3B 1 0 
>>> A5 12 78 4 0 5B 1 30 40 0 
<<< A5 22 79 16 0 88 1 30 40 0 7 0 2 1 0 1 64 1 0 0 1 3 0 0 0 3B 1 0 
>>> A5 12 79 4 0 5A 1 30 40 0 
<<< A5 22 7A 16 0 86 1 30 40 0 7 0 2 1 0 1 64 1 0 0 1 4 0 0 0 3B 1 0 
>>> A5 12 7A 4 0 59 1 30 40 0 
<<< A5 22 7B 16 0 85 1 30 40 0 7 0 2 1 0 1 64 1 0 0 1 4 0 0 0 3B 1 0 
>>> A5 12 7B 4 0 58 1 30 40 0 
<<< A5 22 7C 16 0 84 1 30 40 0 7 0 2 1 0 1 64 1 0 0 1 4 0 0 0 3B 1 0 
>>> A5 12 7C 4 0 57 1 30 40 0 
<<< A5 22 7D 16 0 84 1 30 40 0 7 0 2 1 0 1 64 1 0 0 1 3 0 0 0 3B 1 0 
>>> A5 12 7D 4 0 56 1 30 40 0 
<<< A5 22 7E 16 0 83 1 30 40 0 7 0 2 1 0 1 64 1 0 0 1 3 0 0 0 3B 1 0 
>>> A5 12 7E 4 0 55 1 30 40 0 
<<< A5 22 7F 16 0 81 1 30 40 0 7 0 2 1 0 1 64 1 0 0 1 4 0 0 0 3B 1 0 
>>> A5 12 7F 4 0 54 1 30 40 0 
<<< A5 22 80 16 0 80 1 30 40 0 7 0 2 1 0 1 64 1 0 0 1 4 0 0 0 3B 1 0 
>>> A5 12 80 4 0 53 1 30 40 0 
<<< A5 22 81 16 0 7F 1 30 40 0 7 0 2 1 0 1 64 1 0 0 1 4 0 0 0 3B 1 0 
>>> A5 12 81 4 0 52 1 30 40 0 
<<< A5 22 82 16 0 7E 1 30 40 0 7 0 2 1 0 1 64 1 0 0 1 4 0 0 0 3B 1 0 
>>> A5 12 82 4 0 51 1 30 40 0 
<<< A5 22 83 16 0 7D 1 30 40 0 7 0 2 1 0 1 64 1 0 0 1 4 0 0 0 3B 1 0 
>>> A5 12 83 4 0 50 1 30 40 0 
<<< A5 22 84 16 0 7C 1 30 40 0 7 0 2 1 0 1 64 1 0 0 1 4 0 0 0 3B 1 0 
>>> A5 12 84 4 0 4F 1 30 40 0 
<<< A5 22 85 16 0 7B 1 30 40 0 7 0 2 1 0 1 64 1 0 0 1 4 0 0 0 3B 1 0 
>>> A5 12 85 4 0 4E 1 30 40 0 
<<< A5 22 86 16 0 7A 1 30 40 0 7 0 2 1 0 1 64 1 0 0 1 4 0 0 0 3B 1 0 
>>> A5 12 86 4 0 4D 1 30 40 0 
<<< A5 22 87 16 0 79 1 30 40 0 7 0 2 1 0 1 64 1 0 0 1 4 0 0 0 3B 1 0 
>>> A5 12 87 4 0 4C 1 30 40 0 
<<< A5 22 88 16 0 78 1 30 40 0 7 0 2 1 0 1 64 1 0 0 1 4 0 0 0 3B 1 0 
>>> A5 12 88 4 0 4B 1 30 40 0 
<<< A5 22 89 16 0 77 1 30 40 0 7 0 2 1 0 1 64 1 0 0 1 4 0 0 0 3B 1 0 
>>> A5 12 89 4 0 4A 1 30 40 0 
<<< A5 22 8A 16 0 76 1 30 40 0 7 0 2 1 0 1 64 1 0 0 1 4 0 0 0 3B 1 0 
>>> A5 12 8A 4 0 49 1 30 40 0 
>>> A5 22 29 7 0 2 1 60 A2 0 0 1 2 
<<< A5 12 29 4 0 18 1 60 A2 0 
<<< A5 22 8B 16 0 74 1 30 40 0 7 0 2 1 0 2 64 1 0 0 1 4 0 0 0 3B 1 0 
>>> A5 12 8B 4 0 48 1 30 40 0 
<<< A5 22 8C 16 0 73 1 30 40 0 7 0 2 1 0 2 64 1 0 0 1 4 0 0 0 3B 1 0 
>>> A5 12 8C 4 0 47 1 30 40 0 
<<< A5 22 8D 16 0 73 1 30 40 0 7 0 2 1 0 2 64 1 0 0 1 3 0 0 0 3B 1 0 
>>> A5 12 8D 4 0 46 1 30 40 0 
<<< A5 22 8E 16 0 71 1 30 40 0 7 0 2 1 0 2 64 1 0 0 1 4 0 0 0 3B 1 0 
>>> A5 12 8E 4 0 45 1 30 40 0 
<<< A5 22 8F 16 0 70 1 30 40 0 7 0 2 1 0 2 64 1 0 0 1 4 0 0 0 3B 1 0 
>>> A5 12 8F 4 0 44 1 30 40 0 
<<< A5 22 90 16 0 6F 1 30 40 0 7 0 2 1 0 2 64 1 0 0 1 4 0 0 0 3B 1 0 
>>> A5 12 90 4 0 43 1 30 40 0 
<<< A5 22 91 16 0 6E 1 30 40 0 7 0 2 1 0 2 64 1 0 0 1 4 0 0 0 3B 1 0 
>>> A5 12 91 4 0 42 1 30 40 0 
<<< A5 22 92 16 0 6D 1 30 40 0 7 0 2 1 0 2 64 1 0 0 1 4 0 0 0 3B 1 0 
>>> A5 12 92 4 0 41 1 30 40 0 
<<< A5 22 93 16 0 6C 1 30 40 0 7 0 2 1 0 2 64 1 0 0 1 4 0 0 0 3B 1 0 
>>> A5 12 93 4 0 40 1 30 40 0 
ESP32 command???
>>> A5 22 2A 7 0 0 1 60 A2 0 0 1 3 
<<< A5 12 2A 4 0 17 1 60 A2 0 
A5 22 94 16 0 6A 1 30 40 0 7 0 2 1 0 3 64 1 0 0 1 4 0 0 0 3B 1 0 
>>> A5 12 94 4 0 3F 1 30 40 0 
<<< A5 22 95 16 0 69 1 30 40 0 7 0 2 1 0 3 64 1 0 0 1 4 0 0 0 3B 1 0 
>>> A5 12 95 4 0 3E 1 30 40 0 
>>> A5 22 2B 7 0 0 1 60 A2 0 0 1 2 
<<< A5 12 2B 4 0 16 1 60 A2 0 A5 22 96 16 0 69 1 30 40 0 7 0 2 1 0 2 64 1 0 0 1 4 0 0 0 3B 1 0 
>>> A5 12 96 4 0 3D 1 30 40 0 
>>> A5 22 2C 7 0 0 1 60 A2 0 0 1 1 
<<< A5 12 2C 4 0 15 1 60 A2 0 A5 22 97 16 0 69 1 30 40 0 7 0 2 1 0 1 64 1 0 0 1 4 0 0 0 3B 1 0 
>>> A5 12 97 4 0 3C 1 30 40 0 
>>> A5 22 2D 7 0 FE 1 60 A2 0 0 1 2 
<<< A5 12 2D 4 0 14 1 60 A2 0 A5 22 98 16 0 67 1 30 40 0 7 0 2 1 0 2 64 1 0 0 1 4 0 0 0 3B 1 0 
>>> A5 12 98 4 0 3B 1 30 40 0 
>>> A5 22 2E 7 0 FE 1 60 A2 0 0 1 1 
<<< A5 12 2E 4 0 13 1 60 A2 0 A5 22 99 16 0 67 1 30 40 0 7 0 2 1 0 1 64 1 0 0 1 4 0 0 0 3B 1 0 
>>> A5 12 99 4 0 3A 1 30 40 0 
>>> A5 22 2F 7 0 FD 1 60 A2 0 0 1 1 
<<< A5 12 2F 4 0 12 1 60 A2 0 
>>> A5 22 30 7 0 FB 1 60 A2 0 0 1 2 
<<< A5 12 30 4 0 11 1 60 A2 0 A5 22 9A 16 0 65 1 30 40 0 7 0 2 1 0 2 64 1 0 0 1 4 0 0 0 3B 1 0 
>>> A5 12 9A 4 0 39 1 30 40 0 
>>> A5 22 31 7 0 FB 1 60 A2 0 0 1 1 
<<< A5 12 31 4 0 10 1 60 A2 0 A5 22 9B 16 0 65 1 30 40 0 7 0 2 1 0 1 64 1 0 0 1 4 0 0 0 3B 1 0 
>>> A5 12 9B 4 0 38 1 30 40 0 
>>> A5 22 32 7 0 F9 1 60 A2 0 0 1 2 
<<< A5 12 32 4 0 F 1 60 A2 0 A5 22 9C 16 0 63 1 30 40 0 7 0 2 1 0 2 64 1 0 0 1 4 0 0 0 3B 1 0 
>>> A5 12 9C 4 0 37 1 30 40 0 A5 22 33 7 0 F9 1 60 A2 0 0 1 1 A5 12 9D 4 0 36 1 30 40 0 
<<< A5 12 33 4 0 E 1 60 A2 0 A5 22 9D 16 0 63 1 30 40 0 7 0 2 1 0 1 64 1 0 0 1 4 0 0 0 3B 1 0 A5 22 9E 16 0 62 1 30 40 0 7 0 2 1 0 1 64 1 0 0 1 4 0 0 0 3B 1 0 
>>> A5 12 9E 4 0 35 1 30 40 0 
>>> A5 22 34 7 0 F8 1 60 A2 0 0 1 1 
<<< A5 12 34 4 0 D 1 60 A2 0 
>>> A5 22 35 7 0 F6 1 60 A2 0 0 1 2 
<<< A5 12 35 4 0 C 1 60 A2 0 A5 22 9F 16 0 60 1 30 40 0 7 0 2 1 0 2 64 1 0 0 1 4 0 0 0 3B 1 0 
>>> A5 12 9F 4 0 34 1 30 40 0 
>>> A5 22 36 7 0 F6 1 60 A2 0 0 1 1 
<<< A5 12 36 4 0 B 1 60 A2 0 A5 22 A0 16 0 60 1 30 40 0 7 0 2 1 0 1 64 1 0 0 1 4 0 0 0 3B 1 0 
>>> A5 12 A0 4 0 33 1 30 40 0 
<<< A5 22 A1 16 0 5F 1 30 40 0 7 0 2 1 0 1 64 1 0 0 1 4 0 0 0 3B 1 0 
>>> A5 12 A1 4 0 32 1 30 40 0 
>>> A5 22 37 7 0 F4 1 60 A2 0 0 1 2 
<<< A5 12 37 4 0 A 1 60 A2 0 A5 22 A2 16 0 5D 1 30 40 0 7 0 2 1 0 2 64 1 0 0 1 4 0 0 0 3B 1 0 
>>> A5 12 A2 4 0 31 1 30 40 0 
<<< A5 22 A3 16 0 5C 1 30 40 0 7 0 2 1 0 2 64 1 0 0 1 4 0 0 0 3B 1 0 
>>> A5 12 A3 4 0 30 1 30 40 0 
<<< A5 22 A4 16 0 5B 1 30 40 0 7 0 2 1 0 2 64 1 0 0 1 4 0 0 0 3B 1 0 
>>> A5 12 A4 4 0 2F 1 30 40 0 
<<< A5 22 A5 16 0 5A 1 30 40 0 7 0 2 1 0 2 64 1 0 0 1 4 0 0 0 3B 1 0 
>>> A5 12 A5 4 0 2E 1 30 40 0 
<<< A5 22 A6 16 0 59 1 30 40 0 7 0 2 1 0 2 64 1 0 0 1 4 0 0 0 3B 1 0 
>>> A5 12 A6 4 0 2D 1 30 40 0 
<<< A5 22 A7 16 0 58 1 30 40 0 7 0 2 1 0 2 64 1 0 0 1 4 0 0 0 3B 1 0 
>>> A5 12 A7 4 0 2C 1 30 40 0 
<<< A5 22 A8 16 0 57 1 30 40 0 7 0 2 1 0 2 64 1 0 0 1 4 0 0 0 3B 1 0 
>>> A5 12 A8 4 0 2B 1 30 40 0 
<<< A5 22 A9 16 0 56 1 30 40 0 7 0 2 1 0 2 64 1 0 0 1 4 0 0 0 3B 1 0 
>>> A5 12 A9 4 0 2A 1 30 40 0 
<<< A5 22 AA 16 0 56 1 30 40 0 7 0 2 1 0 2 64 1 0 0 1 3 0 0 0 3B 1 0 
>>> A5 12 AA 4 0 29 1 30 40 0 
<<< A5 22 AB 16 0 55 1 30 40 0 7 0 2 1 0 2 64 1 0 0 1 3 0 0 0 3B 1 0 
>>> A5 12 AB 4 0 28 1 30 40 0 
<<< A5 22 AC 16 0 53 1 30 40 0 7 0 2 1 0 2 64 1 0 0 1 4 0 0 0 3B 1 0 
>>> A5 12 AC 4 0 27 1 30 40 0 
<<< A5 22 AD 16 0 53 1 30 40 0 7 0 2 1 0 2 64 1 0 0 1 3 0 0 0 3B 1 0 
>>> A5 12 AD 4 0 26 1 30 40 0 
<<< A5 22 AE 16 0 52 1 30 40 0 7 0 2 1 0 2 64 1 0 0 1 3 0 0 0 3B 1 0 
>>> A5 12 AE 4 0 25 1 30 40 0 
<<< A5 22 AF 16 0 50 1 30 40 0 7 0 2 1 0 3 64 1 0 0 1 3 0 0 0 3B 1 0 
>>> A5 12 AF 4 0 24 1 30 40 0 
<<< A5 22 B0 16 0 51 1 30 40 0 7 0 2 1 0 1 64 1 0 0 1 3 0 0 0 3B 1 0 
>>> A5 12 B0 4 0 23 1 30 40 0 
<<< A5 22 B1 16 0 4F 1 30 40 0 7 0 2 1 0 2 64 1 0 0 1 3 0 0 0 3B 1 0 
>>> A5 12 B1 4 0 22 1 30 40 0 
<<< A5 22 B2 16 0 4E 1 30 40 0 7 0 2 1 0 2 64 1 0 0 1 3 0 0 0 3B 1 0 
>>> A5 12 B2 4 0 21 1 30 40 0 
<<< A5 22 B3 16 0 4C 1 30 40 0 7 0 2 1 0 3 64 1 0 0 1 3 0 0 0 3B 1 0 
>>> A5 12 B3 4 0 20 1 30 40 0 
<<< A5 22 B4 16 0 4D 1 30 40 0 7 0 2 1 0 1 64 1 0 0 1 3 0 0 0 3B 1 0 
>>> A5 12 B4 4 0 1F 1 30 40 0 
<<< A5 22 B5 16 0 4B 1 30 40 0 7 0 2 1 0 2 64 1 0 0 1 3 0 0 0 3B 1 0 
>>> A5 12 B5 4 0 1E 1 30 40 0 
<<< A5 22 B6 16 0 49 1 30 40 0 7 0 2 1 0 3 64 1 0 0 1 3 0 0 0 3B 1 0 
>>> A5 12 B6 4 0 1D 1 30 40 0 
<<< A5 22 B7 16 0 48 1 30 40 0 7 0 2 1 0 3 64 1 0 0 1 3 0 0 0 3B 1 0 
>>> A5 12 B7 4 0 1C 1 30 40 0 
<<< A5 22 B8 16 0 49 1 30 40 0 7 0 2 1 0 1 64 1 0 0 1 3 0 0 0 3B 1 0 
>>> A5 12 B8 4 0 1B 1 30 40 0 
<<< A5 22 B9 16 0 48 1 30 40 0 7 0 2 1 0 1 64 1 0 0 1 3 0 0 0 3B 1 0 
>>> A5 12 B9 4 0 1A 1 30 40 0 
<<< A5 22 BA 16 0 47 1 30 40 0 7 0 2 1 0 1 64 1 0 0 1 3 0 0 0 3B 1 0 
>>> A5 12 BA 4 0 19 1 30 40 0 
<<< A5 22 BB 16 0 46 1 30 40 0 7 0 2 1 0 1 64 1 0 0 1 3 0 0 0 3B 1 0 
>>> A5 12 BB 4 0 18 1 30 40 0 
<<< A5 22 BC 16 0 45 1 30 40 0 7 0 2 1 0 1 64 1 0 0 1 3 0 0 0 3B 1 0 
>>> A5 12 BC 4 0 17 1 30 40 0 
<<< A5 22 BD 16 0 44 1 30 40 0 7 0 2 1 0 1 64 1 0 0 1 3 0 0 0 3B 1 0 
>>> A5 12 BD 4 0 16 1 30 40 0 
<<< A5 22 BE 16 0 43 1 30 40 0 7 0 2 1 0 1 64 1 0 0 1 3 0 0 0 3B 1 0 
>>> A5 12 BE 4 0 15 1 30 40 0 
<<< A5 22 BF 16 0 42 1 30 40 0 7 0 2 1 0 1 64 1 0 0 1 3 0 0 0 3B 1 0 
>>> A5 12 BF 4 0 14 1 30 40 0 
<<< A5 22 C0 16 0 40 1 30 40 0 7 0 2 1 0 2 64 1 0 0 1 3 0 0 0 3B 1 0 
>>> A5 12 C0 4 0 13 1 30 40 0 
<<< A5 22 C1 16 0 3E 1 30 40 0 7 0 2 1 0 3 64 1 0 0 1 3 0 0 0 3B 1 0 
>>> A5 12 C1 4 0 12 1 30 40 0 
<<< A5 22 C2 16 0 3D 1 30 40 0 7 0 2 1 0 3 64 1 0 0 1 3 0 0 0 3B 1 0 
>>> A5 12 C2 4 0 11 1 30 40 0 
<<< A5 22 C3 16 0 3C 1 30 40 0 7 0 2 1 0 3 64 1 0 0 1 3 0 0 0 3B 1 0 
>>> A5 12 C3 4 0 10 1 30 40 0 
<<< A5 22 C4 16 0 3D 1 30 40 0 7 0 2 1 0 1 64 1 0 0 1 3 0 0 0 3B 1 0 
>>> A5 12 C4 4 0 F 1 30 40 0 
<<< A5 22 C5 16 0 3B 1 30 40 0 7 0 2 1 0 2 64 1 0 0 1 3 0 0 0 3B 1 0 
>>> A5 12 C5 4 0 E 1 30 40 0 
<<< A5 22 C6 16 0 39 1 30 40 0 7 0 2 1 0 3 64 1 0 0 1 3 0 0 0 3B 1 0 
>>> A5 12 C6 4 0 D 1 30 40 0 
<<< A5 22 C7 16 0 38 1 30 40 0 7 0 2 1 0 3 64 1 0 0 1 3 0 0 0 3B 1 0 
>>> A5 12 C7 4 0 C 1 30 40 0 
<<< A5 22 C8 16 0 39 1 30 40 0 7 0 2 1 0 1 64 1 0 0 1 3 0 0 0 3B 1 0 
>>> A5 12 C8 4 0 B 1 30 40 0 
<<< A5 22 C9 16 0 37 1 30 40 0 7 0 2 1 0 2 64 1 0 0 1 3 0 0 0 3B 1 0 
>>> A5 12 C9 4 0 A 1 30 40 0 
<<< A5 22 CA 16 0 35 1 30 40 0 7 0 2 1 0 3 64 1 0 0 1 3 0 0 0 3B 1 0 
>>> A5 12 CA 4 0 9 1 30 40 0 
<<< A5 22 CB 16 0 36 1 30 40 0 7 0 2 1 0 1 64 1 0 0 1 3 0 0 0 3B 1 0 
>>> A5 12 CB 4 0 8 1 30 40 0 
<<< A5 22 CC 16 0 35 1 30 40 0 7 0 2 1 0 1 64 1 0 0 1 3 0 0 0 3B 1 0 
>>> A5 12 CC 4 0 7 1 30 40 0 
<<< A5 22 CD 16 0 33 1 30 40 0 7 0 2 1 0 2 64 1 0 0 1 3 0 0 0 3B 1 0 
>>> A5 12 CD 4 0 6 1 30 40 0 
<<< A5 22 CE 16 0 31 1 30 40 0 7 0 2 1 0 3 64 1 0 0 1 3 0 0 0 3B 1 0 
>>> A5 12 CE 4 0 5 1 30 40 0 
<<< A5 22 CF 16 0 32 1 30 40 0 7 0 2 1 0 1 64 1 0 0 1 3 0 0 0 3B 1 0 
>>> A5 12 CF 4 0 4 1 30 40 0 
<<< A5 22 D0 16 0 30 1 30 40 0 7 0 2 1 0 2 64 1 0 0 1 3 0 0 0 3B 1 0 
>>> A5 12 D0 4 0 3 1 30 40 0 
<<< A5 22 D1 16 0 2E 1 30 40 0 7 0 2 1 0 3 64 1 0 0 1 3 0 0 0 3B 1 0 
>>> A5 12 D1 4 0 2 1 30 40 0 
<<< A5 22 D2 16 0 2F 1 30 40 0 7 0 2 1 0 1 64 1 0 0 1 3 0 0 0 3B 1 0 
>>> A5 12 D2 4 0 1 1 30 40 0 
<<< A5 22 D3 16 0 2D 1 30 40 0 7 0 2 1 0 2 64 1 0 0 1 3 0 0 0 3B 1 0 
>>> A5 12 D3 4 0 0 1 30 40 0 
<<< A5 22 D4 16 0 2B 1 30 40 0 7 0 2 1 0 3 64 1 0 0 1 3 0 0 0 3B 1 0 
>>> A5 12 D4 4 0 FF 1 30 40 0 
<<< A5 22 D5 16 0 2C 1 30 40 0 7 0 2 1 0 1 64 1 0 0 1 3 0 0 0 3B 1 0 
>>> A5 12 D5 4 0 FE 1 30 40 0 
<<< A5 22 D6 16 0 2A 1 30 40 0 7 0 2 1 0 2 64 1 0 0 1 3 0 0 0 3B 1 0 
>>> A5 12 D6 4 0 FD 1 30 40 0 
<<< A5 22 D7 16 0 28 1 30 40 0 7 0 2 1 0 3 64 1 0 0 1 3 0 0 0 3B 1 0 
>>> A5 12 D7 4 0 FC 1 30 40 0 
<<< A5 22 D8 16 0 29 1 30 40 0 7 0 2 1 0 1 64 1 0 0 1 3 0 0 0 3B 1 0 
>>> A5 12 D8 4 0 FB 1 30 40 0 
<<< A5 22 D9 16 0 27 1 30 40 0 7 0 2 1 0 2 64 1 0 0 1 3 0 0 0 3B 1 0 
>>> A5 12 D9 4 0 FA 1 30 40 0 
<<< A5 22 DA 16 0 25 1 30 40 0 7 0 2 1 0 3 64 1 0 0 1 3 0 0 0 3B 1 0 
>>> A5 12 DA 4 0 F9 1 30 40 0 
<<< A5 22 DB 16 0 26 1 30 40 0 7 0 2 1 0 1 64 1 0 0 1 3 0 0 0 3B 1 0 
>>> A5 12 DB 4 0 F8 1 30 40 0 
<<< A5 22 DC 16 0 24 1 30 40 0 7 0 2 1 0 2 64 1 0 0 1 3 0 0 0 3B 1 0 
>>> A5 12 DC 4 0 F7 1 30 40 0 
<<< A5 22 DD 16 0 22 1 30 40 0 7 0 2 1 0 3 64 1 0 0 1 3 0 0 0 3B 1 0 
>>> A5 12 DD 4 0 F6 1 30 40 0 
<<< A5 22 DE 16 0 21 1 30 40 0 7 0 2 1 0 3 64 1 0 0 1 3 0 0 0 3B 1 0 
>>> A5 12 DE 4 0 F5 1 30 40 0 
<<< A5 22 DF 16 0 22 1 30 40 0 7 0 2 1 0 1 64 1 0 0 1 3 0 0 0 3B 1 0 
>>> A5 12 DF 4 0 F4 1 30 40 0 
<<< A5 22 E0 16 0 20 1 30 40 0 7 0 2 1 0 2 64 1 0 0 1 3 0 0 0 3B 1 0 
>>> A5 12 E0 4 0 F3 1 30 40 0 
<<< A5 22 E1 16 0 1E 1 30 40 0 7 0 2 1 0 3 64 1 0 0 1 3 0 0 0 3B 1 0 
>>> A5 12 E1 4 0 F2 1 30 40 0 
<<< A5 22 E2 16 0 1F 1 30 40 0 7 0 2 1 0 1 64 1 0 0 1 3 0 0 0 3B 1 0 
>>> A5 12 E2 4 0 F1 1 30 40 0 
<<< A5 22 E3 16 0 83 1 30 40 0 7 0 2 0 0 1 0 1 0 0 1 3 0 0 0 3B 1 0 
>>> A5 12 E3 4 0 F0 1 30 40 0 
<<< A5 22 E4 16 0 82 1 30 40 0 7 0 2 0 0 1 0 1 0 0 1 3 0 0 0 3B 1 0 
>>> A5 12 E4 4 0 EF 1 30 40 0 
<<< A5 22 E5 16 0 81 1 30 40 0 7 0 2 0 0 1 0 1 0 0 1 3 0 0 0 3B 1 0 
>>> A5 12 E5 4 0 EE 1 30 40 0 
<<< A5 22 E6 16 0 80 1 30 40 0 7 0 2 0 0 1 0 1 0 0 1 3 0 0 0 3B 1 0 
>>> A5 12 E6 4 0 ED 1 30 40 0 
<<< A5 22 E7 16 0 7F 1 30 40 0 7 0 2 0 0 1 0 1 0 0 1 3 0 0 0 3B 1 0 
>>> A5 12 E7 4 0 EC 1 30 40 0 
<<< A5 22 E8 16 0 7E 1 30 40 0 7 0 2 0 0 1 0 1 0 0 1 3 0 0 0 3B 1 0 
>>> A5 12 E8 4 0 EB 1 30 40 0 
<<< A5 22 E9 16 0 7D 1 30 40 0 7 0 2 0 0 1 0 1 0 0 1 3 0 0 0 3B 1 0 
>>> A5 12 E9 4 0 EA 1 30 40 0 
<<< A5 22 EA 16 0 7C 1 30 40 0 7 0 2 0 0 1 0 1 0 0 1 3 0 0 0 3B 1 0 
>>> A5 12 EA 4 0 E9 1 30 40 0 
<<< A5 22 EB 16 0 7B 1 30 40 0 7 0 2 0 0 1 0 1 0 0 1 3 0 0 0 3B 1 0 
>>> A5 12 EB 4 0 E8 1 30 40 0 
<<< A5 22 EC 16 0 7A 1 30 40 0 7 0 2 0 0 1 0 1 0 0 1 3 0 0 0 3B 1 0 
>>> A5 12 EC 4 0 E7 1 30 40 0 
<<< A5 22 ED 16 0 79 1 30 40 0 7 0 2 0 0 1 0 1 0 0 1 3 0 0 0 3B 1 0 
>>> A5 12 ED 4 0 E6 1 30 40 0 
<<< A5 22 EE 16 0 78 1 30 40 0 7 0 2 0 0 1 0 1 0 0 1 3 0 0 0 3B 1 0 
>>> A5 12 EE 4 0 E5 1 30 40 0 
<<< A5 22 EF 16 0 77 1 30 40 0 7 0 2 0 0 1 0 1 0 0 1 3 0 0 0 3B 1 0 
>>> A5 12 EF 4 0 E4 1 30 40 0 
<<< A5 22 F0 16 0 11 1 30 40 0 7 0 2 1 0 1 64 1 0 0 1 3 0 0 0 3B 1 0 
>>> A5 12 F0 4 0 E3 1 30 40 0 
<<< A5 22 F1 16 0 10 1 30 40 0 7 0 2 1 0 1 64 1 0 0 1 3 0 0 0 3B 1 0 
>>> A5 12 F1 4 0 E2 1 30 40 0 
<<< A5 22 F2 16 0 F 1 30 40 0 7 0 2 1 0 1 64 1 0 0 1 3 0 0 0 3B 1 0 
>>> A5 12 F2 4 0 E1 1 30 40 0 
<<< A5 22 F3 16 0 E 1 30 40 0 7 0 2 1 0 1 64 1 0 0 1 3 0 0 0 3B 1 0 
>>> A5 12 F3 4 0 E0 1 30 40 0 
<<< A5 22 F4 16 0 D 1 30 40 0 7 0 2 1 0 1 64 1 0 0 1 3 0 0 0 3B 1 0 
>>> A5 12 F4 4 0 DF 1 30 40 0 
<<< A5 22 F5 16 0 71 1 30 40 0 7 0 2 0 0 1 0 1 0 0 1 3 0 0 0 3B 1 0 
>>> A5 12 F5 4 0 DE 1 30 40 0 
<<< A5 22 F6 16 0 70 1 30 40 0 7 0 2 0 0 1 0 1 0 0 1 3 0 0 0 3B 1 0 
>>> A5 12 F6 4 0 DD 1 30 40 0 
<<< A5 22 F7 16 0 6F 1 30 40 0 7 0 2 0 0 1 0 1 0 0 1 3 0 0 0 3B 1 0 
>>> A5 12 F7 4 0 DC 1 30 40 0 
<<< A5 22 F8 16 0 6E 1 30 40 0 7 0 2 0 0 1 0 1 0 0 1 3 0 0 0 3B 1 0 
>>> A5 12 F8 4 0 DB 1 30 40 0 
<<< A5 22 F9 16 0 6D 1 30 40 0 7 0 2 0 0 1 0 1 0 0 1 3 0 0 0 3B 1 0 
>>> A5 12 F9 4 0 DA 1 30 40 0 
<<< FD 7F F5 CE 45 8B 94 6 6 0 82 0 10 0 0 0 0 0 0 0 0 0 0 0 0 0 0 
>>> FF 4F 2 C0 0 20 0 0 4 0 11 0 0 0 0 0 0 0 0 0 0 0 0 0 0 0 0 0 0 0 0 
>>> 0 
<<< 0 
>>> 94 AF 
<<< 14 F5 FF 

A5 Start
21/22
SeqNo
Size until 3B or 30
0
Checksum


3B 1 0 End sequence
30 40 0 End sequence

<<< A5 22 0 16 0 6A 1 30 40 0 7 0 2 0 0 0 0 1 0 0 1 0 0 0 0 3B 1 0 
<<< A5 22 0 16 0 6A 1 30 40 0 7 0 2 0 0 0 0 1 0 0 1 0 0 0 0 3B 1 0 
<<< A5 22 0 16 0 6A 1 30 40 0 7 0 2 0 0 0 0 1 0 0 1 0 0 0 0 3B 1 0 
<<< A5 22 0 16 0 6A 1 30 40 0 7 0 2 0 0 0 0 1 0 0 1 0 0 0 0 3B 1 0 
<<< A5 22 1 16 0 69 1 30 40 0 7 0 2 0 0 0 0 1 0 0 1 0 0 0 0 3B 1 0 
<<< A5 22 1 16 0 69 1 30 40 0 7 0 2 0 0 0 0 1 0 0 1 0 0 0 0 3B 1 0 
<<< A5 22 2 16 0 67 1 30 40 0 7 0 2 0 0 0 0 1 0 0 1 1 0 0 0 3B 1 0 
<<< A5 22 2 16 0 67 1 30 40 0 7 0 2 0 0 0 0 1 0 0 1 1 0 0 0 3B 1 0 
<<< A5 22 3 16 0 64 1 30 40 0 7 0 2 0 0 0 0 1 0 0 1 3 0 0 0 3B 1 0 
<<< A5 22 3 16 0 64 1 30 40 0 7 0 2 0 0 0 0 1 0 0 1 3 0 0 0 3B 1 0 
<<< A5 22 3 16 0 64 1 30 40 0 7 0 2 0 0 0 0 1 0 0 1 3 0 0 0 3B 1 0 
<<< A5 22 3 16 0 64 1 30 40 0 7 0 2 0 0 0 0 1 0 0 1 3 0 0 0 3B 1 0 
<<< A5 22 4 16 0 65 1 30 40 0 7 0 2 0 0 0 0 1 0 0 1 1 0 0 0 3B 1 0 
<<< A5 22 4 16 0 65 1 30 40 0 7 0 2 0 0 0 0 1 0 0 1 1 0 0 0 3B 1 0 
<<< A5 22 4 16 0 65 1 30 40 0 7 0 2 0 0 0 0 1 0 0 1 1 0 0 0 3B 1 0 A5 22 5 16 0 62 1 30 40 0 7 0 2 0 0 0 0 1 0 0 1 3 0 0 0 3B 1 0 
<<< A5 22 5 16 0 62 1 30 40 0 7 0 2 0 0 0 0 1 0 0 1 3 0 0 0 3B 1 0 
<<< A5 22 5 16 0 62 1 30 40 0 7 0 2 0 0 0 0 1 0 0 1 3 0 0 0 3B 1 0 A5 22 6 16 0 61 1 30 40 0 7 0 2 0 0 0 0 1 0 0 1 3 0 0 0 3B 1 0 
<<< A5 22 6 16 0 61 1 30 40 0 7 0 2 0 0 0 0 1 0 0 1 3 0 0 0 3B 1 0 
<<< A5 22 6 16 0 61 1 30 40 0 7 0 2 0 0 0 0 1 0 0 1 3 0 0 0 3B 1 0 
<<< A5 22 6 16 0 61 1 30 40 0 7 0 2 0 0 0 0 1 0 0 1 3 0 0 0 3B 1 0 
<<< A5 22 7 16 0 60 1 30 40 0 7 0 2 0 0 0 0 1 0 0 1 3 0 0 0 3B 1 0 
<<< A5 22 7 16 0 60 1 30 40 0 7 0 2 0 0 0 0 1 0 0 1 3 0 0 0 3B 1 0 
<<< A5 22 7 16 0 60 1 30 40 0 7 0 2 0 0 0 0 1 0 0 1 3 0 0 0 3B 1 0 
<<< A5 22 7 16 0 60 1 30 40 0 7 0 2 0 0 0 0 1 0 0 1 3 0 0 0 3B 1 0 
<<< A5 22 8 16 0 5F 1 30 40 0 7 0 2 0 0 0 0 1 0 0 1 3 0 0 0 3B 1 0 
<<< A5 22 8 16 0 5F 1 30 40 0 7 0 2 0 0 0 0 1 0 0 1 3 0 0 0 3B 1 0 
<<< A5 22 8 16 0 5F 1 30 40 0 7 0 2 0 0 0 0 1 0 0 1 3 0 0 0 3B 1 0 
<<< A5 22 8 16 0 5F 1 30 40 0 7 0 2 0 0 0 0 1 0 0 1 3 0 0 0 3B 1 0 
<<< A5 22 9 16 0 5E 1 30 40 0 7 0 2 0 0 0 0 1 0 0 1 3 0 0 0 3B 1 0 
<<< A5 22 9 16 0 5E 1 30 40 0 7 0 2 0 0 0 0 1 0 0 1 3 0 0 0 3B 1 0 
<<< A5 22 A 16 0 5D 1 30 40 0 7 0 2 0 0 0 0 1 0 0 1 3 0 0 0 3B 1 0 
<<< A5 22 A 16 0 5D 1 30 40 0 7 0 2 0 0 0 0 1 0 0 1 3 0 0 0 3B 1 0 
<<< A5 22 A 16 0 5D 1 30 40 0 7 0 2 0 0 0 0 1 0 0 1 3 0 0 0 3B 1 0 
<<< A5 22 A 16 0 5D 1 30 40 0 7 0 2 0 0 0 0 1 0 0 1 3 0 0 0 3B 1 0 
<<< A5 22 B 16 0 5C 1 30 40 0 7 0 2 0 0 0 0 1 0 0 1 3 0 0 0 3B 1 0 
<<< A5 22 B 16 0 5C 1 30 40 0 7 0 2 0 0 0 0 1 0 0 1 3 0 0 0 3B 1 0 
<<< A5 22 B 16 0 5C 1 30 40 0 7 0 2 0 0 0 0 1 0 0 1 3 0 0 0 3B 1 0 
<<< A5 22 B 16 0 5C 1 30 40 0 7 0 2 0 0 0 0 1 0 0 1 3 0 0 0 3B 1 0 
<<< A5 22 C 16 0 5B 1 30 40 0 7 0 2 0 0 0 0 1 0 0 1 3 0 0 0 3B 1 0 
<<< A5 22 C 16 0 5B 1 30 40 0 7 0 2 0 0 0 0 1 0 0 1 3 0 0 0 3B 1 0 
<<< A5 22 C 16 0 5B 1 30 40 0 7 0 2 0 0 0 0 1 0 0 1 3 0 0 0 3B 1 0 
<<< A5 22 C 16 0 5B 1 30 40 0 7 0 2 0 0 0 0 1 0 0 1 3 0 0 0 3B 1 0 
<<< A5 22 D 16 0 5A 1 30 40 0 7 0 2 0 0 0 0 1 0 0 1 3 0 0 0 3B 1 0 
<<< A5 22 D 16 0 5A 1 30 40 0 7 0 2 0 0 0 0 1 0 0 1 3 0 0 0 3B 1 0 
<<< A5 22 D 16 0 5A 1 30 40 0 7 0 2 0 0 0 0 1 0 0 1 3 0 0 0 3B 1 0 
<<< A5 22 D 16 0 5A 1 30 40 0 7 0 2 0 0 0 0 1 0 0 1 3 0 0 0 3B 1 0 
<<< A5 22 E 16 0 59 1 30 40 0 7 0 2 0 0 0 0 1 0 0 1 3 0 0 0 3B 1 0 
<<< A5 22 E 16 0 59 1 30 40 0 7 0 2 0 0 0 0 1 0 0 1 3 0 0 0 3B 1 0 
<<< A5 22 E 16 0 59 1 30 40 0 7 0 2 0 0 0 0 1 0 0 1 3 0 0 0 3B 1 0 
<<< A5 22 E 16 0 59 1 30 40 0 7 0 2 0 0 0 0 1 0 0 1 3 0 0 0 3B 1 0 
<<< A5 22 F 16 0 58 1 30 40 0 7 0 2 0 0 0 0 1 0 0 1 3 0 0 0 3B 1 0 
<<< A5 22 F 16 0 58 1 30 40 0 7 0 2 0 0 0 0 1 0 0 1 3 0 0 0 3B 1 0 
<<< A5 22 10 16 0 57 1 30 40 0 7 0 2 0 0 0 0 1 0 0 1 3 0 0 0 3B 1 0 
<<< A5 22 10 16 0 57 1 30 40 0 7 0 2 0 0 0 0 1 0 0 1 3 0 0 0 3B 1 0 
<<< A5 22 10 16 0 57 1 30 40 0 7 0 2 0 0 0 0 1 0 0 1 3 0 0 0 3B 1 0 
<<< A5 22 10 16 0 57 1 30 40 0 7 0 2 0 0 0 0 1 0 0 1 3 0 0 0 3B 1 0 
<<< A5 22 11 16 0 55 1 30 40 0 7 0 2 0 0 0 0 1 0 0 1 4 0 0 0 3B 1 0 
<<< A5 22 11 16 0 55 1 30 40 0 7 0 2 0 0 0 0 1 0 0 1 4 0 0 0 3B 1 0 A5 22 12 16 0 55 1 30 40 0 7 0 2 0 0 0 0 1 0 0 1 3 0 0 0 3B 1 0 
<<< A5 22 12 16 0 55 1 30 40 0 7 0 2 0 0 0 0 1 0 0 1 3 0 0 0 3B 1 0 
<<< A5 22 12 16 0 55 1 30 40 0 7 0 2 0 0 0 0 1 0 0 1 3 0 0 0 3B 1 0 
<<< A5 22 12 16 0 55 1 30 40 0 7 0 2 0 0 0 0 1 0 0 1 3 0 0 0 3B 1 0 
<<< A5 22 13 16 0 54 1 30 40 0 7 0 2 0 0 0 0 1 0 0 1 3 0 0 0 3B 1 0 
<<< A5 22 13 16 0 54 1 30 40 0 7 0 2 0 0 0 0 1 0 0 1 3 0 0 0 3B 1 0 
<<< A5 22 13 16 0 54 1 30 40 0 7 0 2 0 0 0 0 1 0 0 1 3 0 0 0 3B 1 0 
<<< A5 22 13 16 0 54 1 30 40 0 7 0 2 0 0 0 0 1 0 0 1 3 0 0 0 3B 1 0 
<<< A5 22 14 16 0 53 1 30 40 0 7 0 2 0 0 0 0 1 0 0 1 3 0 0 0 3B 1 0 
<<< A5 22 14 16 0 53 1 30 40 0 7 0 2 0 0 0 0 1 0 0 1 3 0 0 0 3B 1 0 
<<< A5 22 14 16 0 53 1 30 40 0 7 0 2 0 0 0 0 1 0 0 1 3 0 0 0 3B 1 0 A5 22 15 16 0 51 1 30 40 0 7 0 2 0 0 0 0 1 0 0 1 4 0 0 0 3B 1 0 
<<< A5 22 15 16 0 51 1 30 40 0 7 0 2 0 0 0 0 1 0 0 1 4 0 0 0 3B 1 0 
<<< A5 22 15 16 0 51 1 30 40 0 7 0 2 0 0 0 0 1 0 0 1 4 0 0 0 3B 1 0 
<<< A5 22 15 16 0 51 1 30 40 0 7 0 2 0 0 0 0 1 0 0 1 4 0 0 0 3B 1 0 
<<< A5 22 16 16 0 50 1 30 40 0 7 0 2 0 0 0 0 1 0 0 1 4 0 0 0 3B 1 0 
<<< A5 22 16 16 0 50 1 30 40 0 7 0 2 0 0 0 0 1 0 0 1 4 0 0 0 3B 1 0 
<<< A5 22 16 16 0 50 1 30 40 0 7 0 2 0 0 0 0 1 0 0 1 4 0 0 0 3B 1 0 
<<< A5 22 16 16 0 50 1 30 40 0 7 0 2 0 0 0 0 1 0 0 1 4 0 0 0 3B 1 0 
<<< A5 22 17 16 0 4F 1 30 40 0 7 0 2 0 0 0 0 1 0 0 1 4 0 0 0 3B 1 0 
<<< A5 22 17 16 0 4F 1 30 40 0 7 0 2 0 0 0 0 1 0 0 1 4 0 0 0 3B 1 0 
<<< A5 22 17 16 0 4F 1 30 40 0 7 0 2 0 0 0 0 1 0 0 1 4 0 0 0 3B 1 0 
<<< A5 22 17 16 0 4F 1 30 40 0 7 0 2 0 0 0 0 1 0 0 1 4 0 0 0 3B 1 0 
<<< A5 22 18 16 0 4E 1 30 40 0 7 0 2 0 0 0 0 1 0 0 1 4 0 0 0 3B 1 0 
<<< A5 22 18 16 0 4E 1 30 40 0 7 0 2 0 0 0 0 1 0 0 1 4 0 0 0 3B 1 0 
<<< A5 22 19 16 0 4D 1 30 40 0 7 0 2 0 0 0 0 1 0 0 1 4 0 0 0 3B 1 0 
<<< A5 22 19 16 0 4D 1 30 40 0 7 0 2 0 0 0 0 1 0 0 1 4 0 0 0 3B 1 0 
<<< A5 22 19 16 0 4D 1 30 40 0 7 0 2 0 0 0 0 1 0 0 1 4 0 0 0 3B 1 0 
<<< A5 22 19 16 0 4D 1 30 40 0 7 0 2 0 0 0 0 1 0 0 1 4 0 0 0 3B 1 0 
<<< A5 22 1A 16 0 4C 1 30 40 0 7 0 2 0 0 0 0 1 0 0 1 4 0 0 0 3B 1 0 
<<< A5 22 1A 16 0 4C 1 30 40 0 7 0 2 0 0 0 0 1 0 0 1 4 0 0 0 3B 1 0 
<<< A5 22 1A 16 0 4C 1 30 40 0 7 0 2 0 0 0 0 1 0 0 1 4 0 0 0 3B 1 0 
<<< A5 22 1A 16 0 4C 1 30 40 0 7 0 2 0 0 0 0 1 0 0 1 4 0 0 0 3B 1 0 
<<< A5 22 1B 16 0 4B 1 30 40 0 7 0 2 0 0 0 0 1 0 0 1 4 0 0 0 3B 1 0 
<<< A5 22 1B 16 0 4B 1 30 40 0 7 0 2 0 0 0 0 1 0 0 1 4 0 0 0 3B 1 0 
<<< A5 22 1B 16 0 4B 1 30 40 0 7 0 2 0 0 0 0 1 0 0 1 4 0 0 0 3B 1 0 
<<< A5 22 1B 16 0 4B 1 30 40 0 7 0 2 0 0 0 0 1 0 0 1 4 0 0 0 3B 1 0 
<<< A5 22 1C 16 0 4A 1 30 40 0 7 0 2 0 0 0 0 1 0 0 1 4 0 0 0 3B 1 0 
<<< A5 22 1C 16 0 4A 1 30 40 0 7 0 2 0 0 0 0 1 0 0 1 4 0 0 0 3B 1 0 
<<< A5 22 1C 16 0 4A 1 30 40 0 7 0 2 0 0 0 0 1 0 0 1 4 0 0 0 3B 1 0 
<<< A5 22 1C 16 0 4A 1 30 40 0 7 0 2 0 0 0 0 1 0 0 1 4 0 0 0 3B 1 0 
<<< A5 22 1D 16 0 E3 1 30 40 0 7 0 2 1 0 1 64 1 0 0 1 4 0 0 0 3B 1 0 
<<< A5 22 1D 16 0 E3 1 30 40 0 7 0 2 1 0 1 64 1 0 0 1 4 0 0 0 3B 1 0 
<<< A5 22 1D 16 0 E3 1 30 40 0 7 0 2 1 0 1 64 1 0 0 1 4 0 0 0 3B 1 0 
<<< A5 22 1D 16 0 E3 1 30 40 0 7 0 2 1 0 1 64 1 0 0 1 4 0 0 0 3B 1 0 
<<< A5 22 1E 16 0 E2 1 30 40 0 7 0 2 1 0 1 64 1 0 0 1 4 0 0 0 3B 1 0 
<<< A5 22 1E 16 0 E2 1 30 40 0 7 0 2 1 0 1 64 1 0 0 1 4 0 0 0 3B 1 0 
<<< A5 22 1E 16 0 E2 1 30 40 0 7 0 2 1 0 1 64 1 0 0 1 4 0 0 0 3B 1 0 A5 22 1F 16 0 46 1 30 40 0 7 0 2 0 0 1 0 1 0 0 1 4 0 0 0 3B 1 0 
<<< A5 22 1F 16 0 46 1 30 40 0 7 0 2 0 0 1 0 1 0 0 1 4 0 0 0 3B 1 0 
<<< A5 22 1F 16 0 46 1 30 40 0 7 0 2 0 0 1 0 1 0 0 1 4 0 0 0 3B 1 0 
<<< A5 22 1F 16 0 46 1 30 40 0 7 0 2 0 0 1 0 1 0 0 1 4 0 0 0 3B 1 0 
<<< A5 22 20 16 0 45 1 30 40 0 7 0 2 0 0 1 0 1 0 0 1 4 0 0 0 3B 1 0 
<<< A5 22 20 16 0 45 1 30 40 0 7 0 2 0 0 1 0 1 0 0 1 4 0 0 0 3B 1 0 
<<< A5 22 21 16 0 44 1 30 40 0 7 0 2 0 0 1 0 1 0 0 1 4 0 0 0 3B 1 0 
<<< A5 22 21 16 0 44 1 30 40 0 7 0 2 0 0 1 0 1 0 0 1 4 0 0 0 3B 1 0 
<<< A5 22 21 16 0 44 1 30 40 0 7 0 2 0 0 1 0 1 0 0 1 4 0 0 0 3B 1 0 
<<< A5 22 21 16 0 44 1 30 40 0 7 0 2 0 0 1 0 1 0 0 1 4 0 0 0 3B 1 0 
<<< A5 22 22 16 0 43 1 30 40 0 7 0 2 0 0 1 0 1 0 0 1 4 0 0 0 3B 1 0 
<<< A5 22 22 16 0 43 1 30 40 0 7 0 2 0 0 1 0 1 0 0 1 4 0 0 0 3B 1 0 
<<< A5 22 22 16 0 43 1 30 40 0 7 0 2 0 0 1 0 1 0 0 1 4 0 0 0 3B 1 0 
<<< A5 22 22 16 0 43 1 30 40 0 7 0 2 0 0 1 0 1 0 0 1 4 0 0 0 3B 1 0 
<<< A5 22 23 16 0 42 1 30 40 0 7 0 2 0 0 1 0 1 0 0 1 4 0 0 0 3B 1 0 
<<< A5 22 23 16 0 42 1 30 40 0 7 0 2 0 0 1 0 1 0 0 1 4 0 0 0 3B 1 0 
<<< A5 22 23 16 0 42 1 30 40 0 7 0 2 0 0 1 0 1 0 0 1 4 0 0 0 3B 1 0 
<<< A5 22 23 16 0 42 1 30 40 0 7 0 2 0 0 1 0 1 0 0 1 4 0 0 0 3B 1 0 
<<< A5 22 24 16 0 41 1 30 40 0 7 0 2 0 0 1 0 1 0 0 1 4 0 0 0 3B 1 0 
<<< A5 22 24 16 0 41 1 30 40 0 7 0 2 0 0 1 0 1 0 0 1 4 0 0 0 3B 1 0 
<<< A5 22 24 16 0 41 1 30 40 0 7 0 2 0 0 1 0 1 0 0 1 4 0 0 0 3B 1 0 
<<< A5 22 24 16 0 41 1 30 40 0 7 0 2 0 0 1 0 1 0 0 1 4 0 0 0 3B 1 0 
<<< A5 22 25 16 0 DB 1 30 40 0 7 0 2 1 0 1 64 1 0 0 1 4 0 0 0 3B 1 0 
<<< A5 22 25 16 0 DB 1 30 40 0 7 0 2 1 0 1 64 1 0 0 1 4 0 0 0 3B 1 0 
<<< A5 22 25 16 0 DB 1 30 40 0 7 0 2 1 0 1 64 1 0 0 1 4 0 0 0 3B 1 0 
<<< A5 22 25 16 0 DB 1 30 40 0 7 0 2 1 0 1 64 1 0 0 1 4 0 0 0 3B 1 0 
<<< A5 22 26 16 0 DA 1 30 40 0 7 0 2 1 0 1 64 1 0 0 1 4 0 0 0 3B 1 0 
<<< A5 22 26 16 0 DA 1 30 40 0 7 0 2 1 0 1 64 1 0 0 1 4 0 0 0 3B 1 0 
<<< A5 22 26 16 0 DA 1 30 40 0 7 0 2 1 0 1 64 1 0 0 1 4 0 0 0 3B 1 0 
<<< A5 22 26 16 0 DA 1 30 40 0 7 0 2 1 0 1 64 1 0 0 1 4 0 0 0 3B 1 0 
<<< A5 22 27 16 0 D9 1 30 40 0 7 0 2 1 0 1 64 1 0 0 1 4 0 0 0 3B 1 0 
<<< A5 22 27 16 0 D9 1 30 40 0 7 0 2 1 0 1 64 1 0 0 1 4 0 0 0 3B 1 0 
<<< A5 22 28 16 0 D8 1 30 40 0 7 0 2 1 0 1 64 1 0 0 1 4 0 0 0 3B 1 0 
<<< A5 22 28 16 0 D8 1 30 40 0 7 0 2 1 0 1 64 1 0 0 1 4 0 0 0 3B 1 0 
<<< A5 22 28 16 0 D8 1 30 40 0 7 0 2 1 0 1 64 1 0 0 1 4 0 0 0 3B 1 0 
<<< A5 22 28 16 0 D8 1 30 40 0 7 0 2 1 0 1 64 1 0 0 1 4 0 0 0 3B 1 0 
<<< A5 22 29 16 0 D7 1 30 40 0 7 0 2 1 0 1 64 1 0 0 1 4 0 0 0 3B 1 0 
<<< A5 22 29 16 0 D7 1 30 40 0 7 0 2 1 0 1 64 1 0 0 1 4 0 0 0 3B 1 0 
<<< A5 22 29 16 0 D7 1 30 40 0 7 0 2 1 0 1 64 1 0 0 1 4 0 0 0 3B 1 0 A5 22 2A 16 0 3B 1 30 40 0 7 0 2 0 0 1 0 1 0 0 1 4 0 0 0 3B 1 0 
<<< A5 22 2A 16 0 3B 1 30 40 0 7 0 2 0 0 1 0 1 0 0 1 4 0 0 0 3B 1 0 
<<< A5 22 2A 16 0 3B 1 30 40 0 7 0 2 0 0 1 0 1 0 0 1 4 0 0 0 3B 1 0 
<<< A5 22 2A 16 0 3B 1 30 40 0 7 0 2 0 0 1 0 1 0 0 1 4 0 0 0 3B 1 0 
<<< A5 22 2B 16 0 D5 1 30 40 0 7 0 2 1 0 1 64 1 0 0 1 4 0 0 0 3B 1 0 
<<< A5 22 2C 16 0 D4 1 30 40 0 7 0 2 1 0 1 64 1 0 0 1 4 0 0 0 3B 1 0 
<<< A5 22 2C 16 0 D4 1 30 40 0 7 0 2 1 0 1 64 1 0 0 1 4 0 0 0 3B 1 0 
<<< A5 22 2C 16 0 D4 1 30 40 0 7 0 2 1 0 1 64 1 0 0 1 4 0 0 0 3B 1 0 
<<< A5 22 2C 16 0 D4 1 30 40 0 7 0 2 1 0 1 64 1 0 0 1 4 0 0 0 3B 1 0 
<<< A5 22 2D 16 0 D3 1 30 40 0 7 0 2 1 0 1 64 1 0 0 1 4 0 0 0 3B 1 0 
<<< A5 22 2D 16 0 D3 1 30 40 0 7 0 2 1 0 1 64 1 0 0 1 4 0 0 0 3B 1 0 
<<< A5 22 2D 16 0 D3 1 30 40 0 7 0 2 1 0 1 64 1 0 0 1 4 0 0 0 3B 1 0 
<<< A5 22 2D 16 0 D3 1 30 40 0 7 0 2 1 0 1 64 1 0 0 1 4 0 0 0 3B 1 0 
<<< A5 22 2E 16 0 D2 1 30 40 0 7 0 2 1 0 1 64 1 0 0 1 4 0 0 0 3B 1 0 
<<< A5 22 2E 16 0 D2 1 30 40 0 7 0 2 1 0 1 64 1 0 0 1 4 0 0 0 3B 1 0 
<<< A5 22 2E 16 0 D2 1 30 40 0 7 0 2 1 0 1 64 1 0 0 1 4 0 0 0 3B 1 0 
<<< A5 22 2E 16 0 D2 1 30 40 0 7 0 2 1 0 1 64 1 0 0 1 4 0 0 0 3B 1 0 
<<< A5 22 2F 16 0 D1 1 30 40 0 7 0 2 1 0 1 64 1 0 0 1 4 0 0 0 3B 1 0 
<<< A5 22 2F 16 0 D1 1 30 40 0 7 0 2 1 0 1 64 1 0 0 1 4 0 0 0 3B 1 0 
<<< A5 22 30 16 0 D0 1 30 40 0 7 0 2 1 0 1 64 1 0 0 1 4 0 0 0 3B 1 0 
<<< A5 22 30 16 0 D0 1 30 40 0 7 0 2 1 0 1 64 1 0 0 1 4 0 0 0 3B 1 0 
<<< A5 22 30 16 0 D0 1 30 40 0 7 0 2 1 0 1 64 1 0 0 1 4 0 0 0 3B 1 0 
<<< A5 22 30 16 0 D0 1 30 40 0 7 0 2 1 0 1 64 1 0 0 1 4 0 0 0 3B 1 0 
<<< A5 22 31 16 0 CF 1 30 40 0 7 0 2 1 0 1 64 1 0 0 1 4 0 0 0 3B 1 0 
<<< A5 22 31 16 0 CF 1 30 40 0 7 0 2 1 0 1 64 1 0 0 1 4 0 0 0 3B 1 0 
<<< A5 22 31 16 0 CF 1 30 40 0 7 0 2 1 0 1 64 1 0 0 1 4 0 0 0 3B 1 0 
<<< A5 22 31 16 0 CF 1 30 40 0 7 0 2 1 0 1 64 1 0 0 1 4 0 0 0 3B 1 0 
<<< A5 22 32 16 0 33 1 30 40 0 7 0 2 0 0 1 0 1 0 0 1 4 0 0 0 3B 1 0 
<<< A5 22 32 16 0 33 1 30 40 0 7 0 2 0 0 1 0 1 0 0 1 4 0 0 0 3B 1 0 
<<< A5 22 32 16 0 33 1 30 40 0 7 0 2 0 0 1 0 1 0 0 1 4 0 0 0 3B 1 0 
<<< A5 22 32 16 0 33 1 30 40 0 7 0 2 0 0 1 0 1 0 0 1 4 0 0 0 3B 1 0 
<<< A5 22 33 16 0 CD 1 30 40 0 7 0 2 1 0 1 64 1 0 0 1 4 0 0 0 3B 1 0 
<<< A5 22 34 16 0 CC 1 30 40 0 7 0 2 1 0 1 64 1 0 0 1 4 0 0 0 3B 1 0 
<<< A5 22 34 16 0 CC 1 30 40 0 7 0 2 1 0 1 64 1 0 0 1 4 0 0 0 3B 1 0 
<<< A5 22 34 16 0 CC 1 30 40 0 7 0 2 1 0 1 64 1 0 0 1 4 0 0 0 3B 1 0 
<<< A5 22 35 16 0 CA 1 30 40 0 7 0 2 1 0 2 64 1 0 0 1 4 0 0 0 3B 1 0 
<<< A5 22 35 16 0 CA 1 30 40 0 7 0 2 1 0 2 64 1 0 0 1 4 0 0 0 3B 1 0 
<<< A5 22 35 16 0 CA 1 30 40 0 7 0 2 1 0 2 64 1 0 0 1 4 0 0 0 3B 1 0 
<<< A5 22 35 16 0 CA 1 30 40 0 7 0 2 1 0 2 64 1 0 0 1 4 0 0 0 3B 1 0 
<<< A5 22 36 16 0 C9 1 30 40 0 7 0 2 1 0 2 64 1 0 0 1 4 0 0 0 3B 1 0 
<<< A5 22 36 16 0 C9 1 30 40 0 7 0 2 1 0 2 64 1 0 0 1 4 0 0 0 3B 1 0 
<<< A5 22 36 16 0 C9 1 30 40 0 7 0 2 1 0 2 64 1 0 0 1 4 0 0 0 3B 1 0 
<<< A5 22 36 16 0 C9 1 30 40 0 7 0 2 1 0 2 64 1 0 0 1 4 0 0 0 3B 1 0 
<<< A5 22 37 16 0 C7 1 30 40 0 7 0 2 1 0 3 64 1 0 0 1 4 0 0 0 3B 1 0 
<<< A5 22 37 16 0 C7 1 30 40 0 7 0 2 1 0 3 64 1 0 0 1 4 0 0 0 3B 1 0 
<<< A5 22 37 16 0 C7 1 30 40 0 7 0 2 1 0 3 64 1 0 0 1 4 0 0 0 3B 1 0 
<<< A5 22 37 16 0 C7 1 30 40 0 7 0 2 1 0 3 64 1 0 0 1 4 0 0 0 3B 1 0 
<<< A5 22 38 16 0 C6 1 30 40 0 7 0 2 1 0 3 64 1 0 0 1 4 0 0 0 3B 1 0 
<<< A5 22 38 16 0 C6 1 30 40 0 7 0 2 1 0 3 64 1 0 0 1 4 0 0 0 3B 1 0 A5 22 39 16 0 C7 1 30 40 0 7 0 2 1 0 1 64 1 0 0 1 4 0 0 0 3B 1 0 
<<< A5 22 39 16 0 C7 1 30 40 0 7 0 2 1 0 1 64 1 0 0 1 4 0 0 0 3B 1 0 
<<< A5 22 39 16 0 C7 1 30 40 0 7 0 2 1 0 1 64 1 0 0 1 4 0 0 0 3B 1 0 
<<< A5 22 39 16 0 C7 1 30 40 0 7 0 2 1 0 1 64 1 0 0 1 4 0 0 0 3B 1 0 
<<< A5 22 3A 16 0 C5 1 30 40 0 7 0 2 1 1 1 64 1 0 0 1 4 0 0 0 3B 1 0 
<<< A5 22 3A 16 0 C5 1 30 40 0 7 0 2 1 1 1 64 1 0 0 1 4 0 0 0 3B 1 0 
<<< A5 22 3A 16 0 C5 1 30 40 0 7 0 2 1 1 1 64 1 0 0 1 4 0 0 0 3B 1 0 
<<< A5 22 3B 16 0 C4 1 30 40 0 7 0 2 1 1 1 64 1 0 0 1 4 0 0 0 3B 1 0 
<<< A5 22 3B 16 0 C4 1 30 40 0 7 0 2 1 1 1 64 1 0 0 1 4 0 0 0 3B 1 0 
<<< A5 22 3C 16 0 C3 1 30 40 0 7 0 2 1 1 1 64 1 0 0 1 4 0 0 0 3B 1 0 
<<< A5 22 3C 16 0 C3 1 30 40 0 7 0 2 1 1 1 64 1 0 0 1 4 0 0 0 3B 1 0 
<<< A5 22 3D 16 0 26 1 30 40 0 7 0 2 1 1 1 0 1 0 0 1 4 0 0 0 3B 1 0 
<<< A5 22 3D 16 0 26 1 30 40 0 7 0 2 1 1 1 0 1 0 0 1 4 0 0 0 3B 1 0 
<<< A5 22 3D 16 0 26 1 30 40 0 7 0 2 1 1 1 0 1 0 0 1 4 0 0 0 3B 1 0 
<<< A5 22 3D 16 0 26 1 30 40 0 7 0 2 1 1 1 0 1 0 0 1 4 0 0 0 3B 1 0 
<<< A5 22 3E 16 0 C1 1 30 40 0 7 0 2 1 1 1 64 1 0 0 1 4 0 0 0 3B 1 0 
<<< A5 22 3E 16 0 C1 1 30 40 0 7 0 2 1 1 1 64 1 0 0 1 4 0 0 0 3B 1 0 
<<< A5 22 3E 16 0 C1 1 30 40 0 7 0 2 1 1 1 64 1 0 0 1 4 0 0 0 3B 1 0 A5 22 3F 16 0 C0 1 30 40 0 7 0 2 1 1 1 64 1 0 0 1 4 0 0 0 3B 1 0 
<<< A5 22 3F 16 0 C0 1 30 40 0 7 0 2 1 1 1 64 1 0 0 1 4 0 0 0 3B 1 0 
<<< A5 22 3F 16 0 C0 1 30 40 0 7 0 2 1 1 1 64 1 0 0 1 4 0 0 0 3B 1 0 
<<< A5 22 3F 16 0 C0 1 30 40 0 7 0 2 1 1 1 64 1 0 0 1 4 0 0 0 3B 1 0 
<<< A5 22 40 16 0 23 1 30 40 0 7 0 2 1 1 1 0 1 0 0 1 4 0 0 0 3B 1 0 
<<< A5 22 40 16 0 23 1 30 40 0 7 0 2 1 1 1 0 1 0 0 1 4 0 0 0 3B 1 0 
<<< A5 22 40 16 0 23 1 30 40 0 7 0 2 1 1 1 0 1 0 0 1 4 0 0 0 3B 1 0 
<<< A5 22 41 16 0 23 1 30 40 0 7 0 2 0 1 1 0 1 0 0 1 4 0 0 0 3B 1 0 
<<< A5 22 41 16 0 23 1 30 40 0 7 0 2 0 1 1 0 1 0 0 1 4 0 0 0 3B 1 0 
<<< A5 22 41 16 0 23 1 30 40 0 7 0 2 0 1 1 0 1 0 0 1 4 0 0 0 3B 1 0 
<<< A5 22 41 16 0 23 1 30 40 0 7 0 2 0 1 1 0 1 0 0 1 4 0 0 0 3B 1 0 
<<< A5 22 42 16 0 22 1 30 40 0 7 0 2 0 1 1 0 1 0 0 1 4 0 0 0 3B 1 0 
<<< A5 22 42 16 0 22 1 30 40 0 7 0 2 0 1 1 0 1 0 0 1 4 0 0 0 3B 1 0 
<<< A5 22 42 16 0 22 1 30 40 0 7 0 2 0 1 1 0 1 0 0 1 4 0 0 0 3B 1 0 
<<< A5 22 42 16 0 22 1 30 40 0 7 0 2 0 1 1 0 1 0 0 1 4 0 0 0 3B 1 0 
<<< A5 22 43 16 0 BC 1 30 40 0 7 0 2 1 1 1 64 1 0 0 1 4 0 0 0 3B 1 0 
<<< A5 22 43 16 0 BC 1 30 40 0 7 0 2 1 1 1 64 1 0 0 1 4 0 0 0 3B 1 0 
<<< A5 22 43 16 0 BC 1 30 40 0 7 0 2 1 1 1 64 1 0 0 1 4 0 0 0 3B 1 0 
<<< A5 22 43 16 0 BC 1 30 40 0 7 0 2 1 1 1 64 1 0 0 1 4 0 0 0 3B 1 0 
<<< A5 22 44 16 0 BC 1 30 40 0 7 0 2 1 0 1 64 1 0 0 1 4 0 0 0 3B 1 0 
<<< A5 22 44 16 0 BC 1 30 40 0 7 0 2 1 0 1 64 1 0 0 1 4 0 0 0 3B 1 0 
<<< A5 22 45 16 0 BB 1 30 40 0 7 0 2 1 0 1 64 1 0 0 1 4 0 0 0 3B 1 0 
<<< A5 22 45 16 0 BB 1 30 40 0 7 0 2 1 0 1 64 1 0 0 1 4 0 0 0 3B 1 0 
<<< A5 22 45 16 0 BB 1 30 40 0 7 0 2 1 0 1 64 1 0 0 1 4 0 0 0 3B 1 0 
<<< A5 22 45 16 0 BB 1 30 40 0 7 0 2 1 0 1 64 1 0 0 1 4 0 0 0 3B 1 0 
<<< A5 22 46 16 0 BA 1 30 40 0 7 0 2 1 0 1 64 1 0 0 1 4 0 0 0 3B 1 0 
<<< A5 22 46 16 0 BA 1 30 40 0 7 0 2 1 0 1 64 1 0 0 1 4 0 0 0 3B 1 0 
<<< A5 22 46 16 0 BA 1 30 40 0 7 0 2 1 0 1 64 1 0 0 1 4 0 0 0 3B 1 0 
<<< A5 22 46 16 0 BA 1 30 40 0 7 0 2 1 0 1 64 1 0 0 1 4 0 0 0 3B 1 0 
<<< A5 22 47 16 0 B8 1 30 40 0 7 0 2 1 0 2 64 1 0 0 1 4 0 0 0 3B 1 0 
<<< A5 22 48 16 0 B7 1 30 40 0 7 0 2 1 0 2 64 1 0 0 1 4 0 0 0 3B 1 0 
<<< A5 22 48 16 0 B7 1 30 40 0 7 0 2 1 0 2 64 1 0 0 1 4 0 0 0 3B 1 0 
<<< A5 22 49 16 0 B6 1 30 40 0 7 0 2 1 0 2 64 1 0 0 1 4 0 0 0 3B 1 0 
<<< A5 22 49 16 0 B6 1 30 40 0 7 0 2 1 0 2 64 1 0 0 1 4 0 0 0 3B 1 0 
<<< A5 22 49 16 0 B6 1 30 40 0 7 0 2 1 0 2 64 1 0 0 1 4 0 0 0 3B 1 0 
<<< A5 22 4A 16 0 B4 1 30 40 0 7 0 2 1 0 3 64 1 0 0 1 4 0 0 0 3B 1 0 
<<< A5 22 4A 16 0 B4 1 30 40 0 7 0 2 1 0 3 64 1 0 0 1 4 0 0 0 3B 1 0 
<<< A5 22 4A 16 0 B4 1 30 40 0 7 0 2 1 0 3 64 1 0 0 1 4 0 0 0 3B 1 0 
<<< A5 22 4A 16 0 B4 1 30 40 0 7 0 2 1 0 3 64 1 0 0 1 4 0 0 0 3B 1 0 
<<< A5 22 4B 16 0 B3 1 30 40 0 7 0 2 1 0 3 64 1 0 0 1 4 0 0 0 3B 1 0 
<<< A5 22 4C 16 0 B4 1 30 40 0 7 0 2 1 0 1 64 1 0 0 1 4 0 0 0 3B 1 0 
<<< A5 22 4C 16 0 B4 1 30 40 0 7 0 2 1 0 1 64 1 0 0 1 4 0 0 0 3B 1 0 
<<< A5 22 4C 16 0 B4 1 30 40 0 7 0 2 1 0 1 64 1 0 0 1 4 0 0 0 3B 1 0 
<<< A5 22 4C 16 0 B4 1 30 40 0 7 0 2 1 0 1 64 1 0 0 1 4 0 0 0 3B 1 0 
<<< A5 22 4D 16 0 B2 1 30 40 0 7 0 2 1 0 2 64 1 0 0 1 4 0 0 0 3B 1 0 
<<< A5 22 4D 16 0 B2 1 30 40 0 7 0 2 1 0 2 64 1 0 0 1 4 0 0 0 3B 1 0 
<<< A5 22 4D 16 0 B2 1 30 40 0 7 0 2 1 0 2 64 1 0 0 1 4 0 0 0 3B 1 0 A5 22 4E 16 0 B1 1 30 40 0 7 0 2 1 0 2 64 1 0 0 1 4 0 0 0 3B 1 0 
<<< A5 22 4F 16 0 AF 1 30 40 0 7 0 2 1 0 3 64 1 0 0 1 4 0 0 0 3B 1 0 
<<< A5 22 4F 16 0 AF 1 30 40 0 7 0 2 1 0 3 64 1 0 0 1 4 0 0 0 3B 1 0 
<<< A5 22 4F 16 0 AF 1 30 40 0 7 0 2 1 0 3 64 1 0 0 1 4 0 0 0 3B 1 0 
<<< A5 22 4F 16 0 AF 1 30 40 0 7 0 2 1 0 3 64 1 0 0 1 4 0 0 0 3B 1 0 
<<< A5 22 50 16 0 B0 1 30 40 0 7 0 2 1 0 1 64 1 0 0 1 4 0 0 0 3B 1 0 
<<< A5 22 50 16 0 B0 1 30 40 0 7 0 2 1 0 1 64 1 0 0 1 4 0 0 0 3B 1 0 
<<< A5 22 50 16 0 B0 1 30 40 0 7 0 2 1 0 1 64 1 0 0 1 4 0 0 0 3B 1 0 
<<< A5 22 50 16 0 B0 1 30 40 0 7 0 2 1 0 1 64 1 0 0 1 4 0 0 0 3B 1 0 A5 22 51 16 0 AF 1 30 40 0 7 0 2 1 0 1 64 1 0 0 1 4 0 0 0 3B 1 0 
<<< A5 22 52 16 0 AD 1 30 40 0 7 0 2 1 0 2 64 1 0 0 1 4 0 0 0 3B 1 0 
<<< A5 22 52 16 0 AD 1 30 40 0 7 0 2 1 0 2 64 1 0 0 1 4 0 0 0 3B 1 0 
<<< A5 22 52 16 0 AD 1 30 40 0 7 0 2 1 0 2 64 1 0 0 1 4 0 0 0 3B 1 0 
<<< A5 22 52 16 0 AD 1 30 40 0 7 0 2 1 0 2 64 1 0 0 1 4 0 0 0 3B 1 0 
<<< A5 22 53 16 0 AB 1 30 40 0 7 0 2 1 0 3 64 1 0 0 1 4 0 0 0 3B 1 0 
<<< A5 22 53 16 0 AB 1 30 40 0 7 0 2 1 0 3 64 1 0 0 1 4 0 0 0 3B 1 0 
<<< A5 22 53 16 0 AB 1 30 40 0 7 0 2 1 0 3 64 1 0 0 1 4 0 0 0 3B 1 0 
<<< A5 22 54 16 0 A8 1 30 40 0 7 0 2 1 2 3 64 1 0 0 1 4 0 0 0 3B 1 0 
<<< A5 22 54 16 0 A8 1 30 40 0 7 0 2 1 2 3 64 1 0 0 1 4 0 0 0 3B 1 0 
<<< A5 22 54 16 0 A8 1 30 40 0 7 0 2 1 2 3 64 1 0 0 1 4 0 0 0 3B 1 0 
<<< A5 22 54 16 0 A8 1 30 40 0 7 0 2 1 2 3 64 1 0 0 1 4 0 0 0 3B 1 0 A5 22 55 16 0 A7 1 30 40 0 7 0 2 1 2 3 64 1 0 0 1 4 0 0 0 3B 1 0 
<<< A5 22 55 16 0 A7 1 30 40 0 7 0 2 1 2 3 64 1 0 0 1 4 0 0 0 3B 1 0 
<<< A5 22 55 16 0 A7 1 30 40 0 7 0 2 1 2 3 64 1 0 0 1 4 0 0 0 3B 1 0 
<<< A5 22 55 16 0 A7 1 30 40 0 7 0 2 1 2 3 64 1 0 0 1 4 0 0 0 3B 1 0 
<<< A5 22 56 16 0 A6 1 30 40 0 7 0 2 1 2 3 64 1 0 0 1 4 0 0 0 3B 1 0 
<<< A5 22 56 16 0 A6 1 30 40 0 7 0 2 1 2 3 64 1 0 0 1 4 0 0 0 3B 1 0 
<<< A5 22 57 16 0 A5 1 30 40 0 7 0 2 1 2 3 64 1 0 0 1 4 0 0 0 3B 1 0 
<<< A5 22 57 16 0 A5 1 30 40 0 7 0 2 1 2 3 64 1 0 0 1 4 0 0 0 3B 1 0 
<<< A5 22 57 16 0 A5 1 30 40 0 7 0 2 1 2 3 64 1 0 0 1 4 0 0 0 3B 1 0 
<<< A5 22 57 16 0 A5 1 30 40 0 7 0 2 1 2 3 64 1 0 0 1 4 0 0 0 3B 1 0 
<<< A5 22 58 16 0 A4 1 30 40 0 7 0 2 1 2 3 64 1 0 0 1 4 0 0 0 3B 1 0 
<<< A5 22 58 16 0 A4 1 30 40 0 7 0 2 1 2 3 64 1 0 0 1 4 0 0 0 3B 1 0 
<<< A5 22 58 16 0 A4 1 30 40 0 7 0 2 1 2 3 64 1 0 0 1 4 0 0 0 3B 1 0 
<<< A5 22 58 16 0 A4 1 30 40 0 7 0 2 1 2 3 64 1 0 0 1 4 0 0 0 3B 1 0 
<<< A5 22 59 16 0 A3 1 30 40 0 7 0 2 1 2 3 64 1 0 0 1 4 0 0 0 3B 1 0 
<<< A5 22 59 16 0 A3 1 30 40 0 7 0 2 1 2 3 64 1 0 0 1 4 0 0 0 3B 1 0 
<<< A5 22 59 16 0 A3 1 30 40 0 7 0 2 1 2 3 64 1 0 0 1 4 0 0 0 3B 1 0 
<<< A5 22 59 16 0 A3 1 30 40 0 7 0 2 1 2 3 64 1 0 0 1 4 0 0 0 3B 1 0 
<<< A5 22 5A 16 0 A2 1 30 40 0 7 0 2 1 2 3 64 1 0 0 1 4 0 0 0 3B 1 0 
<<< A5 22 5A 16 0 A2 1 30 40 0 7 0 2 1 2 3 64 1 0 0 1 4 0 0 0 3B 1 0 
<<< A5 22 5A 16 0 A2 1 30 40 0 7 0 2 1 2 3 64 1 0 0 1 4 0 0 0 3B 1 0 
<<< A5 22 5A 16 0 A2 1 30 40 0 7 0 2 1 2 3 64 1 0 0 1 4 0 0 0 3B 1 0 
<<< A5 22 5B 16 0 A1 1 30 40 0 7 0 2 1 2 3 64 1 0 0 1 4 0 0 0 3B 1 0 
<<< A5 22 5B 16 0 A1 1 30 40 0 7 0 2 1 2 3 64 1 0 0 1 4 0 0 0 3B 1 0 
<<< A5 22 5B 16 0 A1 1 30 40 0 7 0 2 1 2 3 64 1 0 0 1 4 0 0 0 3B 1 0 
<<< A5 22 5B 16 0 A1 1 30 40 0 7 0 2 1 2 3 64 1 0 0 1 4 0 0 0 3B 1 0 
<<< A5 22 5C 16 0 A0 1 30 40 0 7 0 2 1 2 3 64 1 0 0 1 4 0 0 0 3B 1 0 
<<< A5 22 5C 16 0 A0 1 30 40 0 7 0 2 1 2 3 64 1 0 0 1 4 0 0 0 3B 1 0 
<<< A5 22 5D 16 0 9F 1 30 40 0 7 0 2 1 2 3 64 1 0 0 1 4 0 0 0 3B 1 0 
<<< A5 22 5D 16 0 9F 1 30 40 0 7 0 2 1 2 3 64 1 0 0 1 4 0 0 0 3B 1 0 
<<< A5 22 5D 16 0 9F 1 30 40 0 7 0 2 1 2 3 64 1 0 0 1 4 0 0 0 3B 1 0 
<<< A5 22 5D 16 0 9F 1 30 40 0 7 0 2 1 2 3 64 1 0 0 1 4 0 0 0 3B 1 0 
<<< A5 22 5E 16 0 9E 1 30 40 0 7 0 2 1 2 3 64 1 0 0 1 4 0 0 0 3B 1 0 
<<< A5 22 5E 16 0 9E 1 30 40 0 7 0 2 1 2 3 64 1 0 0 1 4 0 0 0 3B 1 0 
<<< A5 22 5E 16 0 9E 1 30 40 0 7 0 2 1 2 3 64 1 0 0 1 4 0 0 0 3B 1 0 
<<< A5 22 5E 16 0 9E 1 30 40 0 7 0 2 1 2 3 64 1 0 0 1 4 0 0 0 3B 1 0 
<<< A5 22 5F 16 0 9D 1 30 40 0 7 0 2 1 2 3 64 1 0 0 1 4 0 0 0 3B 1 0 
<<< A5 22 5F 16 0 9D 1 30 40 0 7 0 2 1 2 3 64 1 0 0 1 4 0 0 0 3B 1 0 
<<< A5 22 5F 16 0 9D 1 30 40 0 7 0 2 1 2 3 64 1 0 0 1 4 0 0 0 3B 1 0 
<<< A5 22 5F 16 0 9D 1 30 40 0 7 0 2 1 2 3 64 1 0 0 1 4 0 0 0 3B 1 0 
<<< A5 22 60 16 0 9C 1 30 40 0 7 0 2 1 2 3 64 1 0 0 1 4 0 0 0 3B 1 0 
<<< A5 22 60 16 0 9C 1 30 40 0 7 0 2 1 2 3 64 1 0 0 1 4 0 0 0 3B 1 0 
<<< A5 22 60 16 0 9C 1 30 40 0 7 0 2 1 2 3 64 1 0 0 1 4 0 0 0 3B 1 0 
<<< A5 22 60 16 0 9C 1 30 40 0 7 0 2 1 2 3 64 1 0 0 1 4 0 0 0 3B 1 0 
<<< A5 22 61 16 0 9B 1 30 40 0 7 0 2 1 2 3 64 1 0 0 1 4 0 0 0 3B 1 0 
<<< A5 22 61 16 0 9B 1 30 40 0 7 0 2 1 2 3 64 1 0 0 1 4 0 0 0 3B 1 0 
<<< A5 22 61 16 0 9B 1 30 40 0 7 0 2 1 2 3 64 1 0 0 1 4 0 0 0 3B 1 0 
<<< A5 22 61 16 0 9B 1 30 40 0 7 0 2 1 2 3 64 1 0 0 1 4 0 0 0 3B 1 0 
<<< A5 22 62 16 0 9A 1 30 40 0 7 0 2 1 2 3 64 1 0 0 1 4 0 0 0 3B 1 0 
<<< A5 22 62 16 0 9A 1 30 40 0 7 0 2 1 2 3 64 1 0 0 1 4 0 0 0 3B 1 0 
<<< A5 22 63 16 0 9A 1 30 40 0 7 0 2 1 2 3 64 1 0 0 1 3 0 0 0 3B 1 0 
<<< A5 22 63 16 0 9A 1 30 40 0 7 0 2 1 2 3 64 1 0 0 1 3 0 0 0 3B 1 0 
<<< A5 22 63 16 0 9A 1 30 40 0 7 0 2 1 2 3 64 1 0 0 1 3 0 0 0 3B 1 0 A5 22 64 16 0 98 1 30 40 0 7 0 2 1 2 3 64 1 0 0 1 4 0 0 0 3B 1 0 
<<< A5 22 64 16 0 98 1 30 40 0 7 0 2 1 2 3 64 1 0 0 1 4 0 0 0 3B 1 0 
<<< A5 22 64 16 0 98 1 30 40 0 7 0 2 1 2 3 64 1 0 0 1 4 0 0 0 3B 1 0 
<<< A5 22 64 16 0 98 1 30 40 0 7 0 2 1 2 3 64 1 0 0 1 4 0 0 0 3B 1 0 
<<< A5 22 65 16 0 97 1 30 40 0 7 0 2 1 2 3 64 1 0 0 1 4 0 0 0 3B 1 0 
<<< A5 22 65 16 0 97 1 30 40 0 7 0 2 1 2 3 64 1 0 0 1 4 0 0 0 3B 1 0 
<<< A5 22 65 16 0 97 1 30 40 0 7 0 2 1 2 3 64 1 0 0 1 4 0 0 0 3B 1 0 A5 22 66 16 0 97 1 30 40 0 7 0 2 1 2 3 64 1 0 0 1 3 0 0 0 3B 1 0 
<<< A5 22 66 16 0 97 1 30 40 0 7 0 2 1 2 3 64 1 0 0 1 3 0 0 0 3B 1 0 
<<< A5 22 66 16 0 97 1 30 40 0 7 0 2 1 2 3 64 1 0 0 1 3 0 0 0 3B 1 0 
<<< A5 22 66 16 0 97 1 30 40 0 7 0 2 1 2 3 64 1 0 0 1 3 0 0 0 3B 1 0 
<<< A5 22 67 16 0 95 1 30 40 0 7 0 2 1 2 3 64 1 0 0 1 4 0 0 0 3B 1 0 
<<< A5 22 67 16 0 95 1 30 40 0 7 0 2 1 2 3 64 1 0 0 1 4 0 0 0 3B 1 0 A5 22 68 16 0 94 1 30 40 0 7 0 2 1 2 3 64 1 0 0 1 4 0 0 0 3B 1 0 
<<< A5 22 68 16 0 94 1 30 40 0 7 0 2 1 2 3 64 1 0 0 1 4 0 0 0 3B 1 0 
<<< A5 22 68 16 0 94 1 30 40 0 7 0 2 1 2 3 64 1 0 0 1 4 0 0 0 3B 1 0 A5 22 69 16 0 94 1 30 40 0 7 0 2 1 2 3 64 1 0 0 1 3 0 0 0 3B 1 0 
<<< A5 22 69 16 0 94 1 30 40 0 7 0 2 1 2 3 64 1 0 0 1 3 0 0 0 3B 1 0 
<<< A5 22 69 16 0 94 1 30 40 0 7 0 2 1 2 3 64 1 0 0 1 3 0 0 0 3B 1 0 
<<< A5 22 69 16 0 94 1 30 40 0 7 0 2 1 2 3 64 1 0 0 1 3 0 0 0 3B 1 0 
<<< A5 22 6A 16 0 93 1 30 40 0 7 0 2 1 2 3 64 1 0 0 1 3 0 0 0 3B 1 0 
<<< A5 22 6A 16 0 93 1 30 40 0 7 0 2 1 2 3 64 1 0 0 1 3 0 0 0 3B 1 0 
<<< A5 22 6A 16 0 93 1 30 40 0 7 0 2 1 2 3 64 1 0 0 1 3 0 0 0 3B 1 0 
<<< A5 22 6A 16 0 93 1 30 40 0 7 0 2 1 2 3 64 1 0 0 1 3 0 0 0 3B 1 0 
<<< A5 22 6B 16 0 92 1 30 40 0 7 0 2 1 2 3 64 1 0 0 1 3 0 0 0 3B 1 0 
<<< A5 22 6B 16 0 92 1 30 40 0 7 0 2 1 2 3 64 1 0 0 1 3 0 0 0 3B 1 0 
<<< A5 22 6B 16 0 92 1 30 40 0 7 0 2 1 2 3 64 1 0 0 1 3 0 0 0 3B 1 0 
<<< A5 22 6B 16 0 92 1 30 40 0 7 0 2 1 2 3 64 1 0 0 1 3 0 0 0 3B 1 0 
<<< A5 22 6C 16 0 91 1 30 40 0 7 0 2 1 2 3 64 1 0 0 1 3 0 0 0 3B 1 0 
<<< A5 22 6C 16 0 91 1 30 40 0 7 0 2 1 2 3 64 1 0 0 1 3 0 0 0 3B 1 0 
<<< A5 22 6D 16 0 90 1 30 40 0 7 0 2 1 2 3 64 1 0 0 1 3 0 0 0 3B 1 0 
<<< A5 22 6D 16 0 90 1 30 40 0 7 0 2 1 2 3 64 1 0 0 1 3 0 0 0 3B 1 0 
<<< A5 22 6D 16 0 90 1 30 40 0 7 0 2 1 2 3 64 1 0 0 1 3 0 0 0 3B 1 0 
<<< A5 22 6D 16 0 90 1 30 40 0 7 0 2 1 2 3 64 1 0 0 1 3 0 0 0 3B 1 0 
<<< A5 22 6E 16 0 8F 1 30 40 0 7 0 2 1 2 3 64 1 0 0 1 3 0 0 0 3B 1 0 
<<< A5 22 6E 16 0 8F 1 30 40 0 7 0 2 1 2 3 64 1 0 0 1 3 0 0 0 3B 1 0 
<<< A5 22 6E 16 0 8F 1 30 40 0 7 0 2 1 2 3 64 1 0 0 1 3 0 0 0 3B 1 0 
<<< A5 22 6E 16 0 8F 1 30 40 0 7 0 2 1 2 3 64 1 0 0 1 3 0 0 0 3B 1 0 
<<< A5 22 6F 16 0 8E 1 30 40 0 7 0 2 1 2 3 64 1 0 0 1 3 0 0 0 3B 1 0 
<<< A5 22 6F 16 0 8E 1 30 40 0 7 0 2 1 2 3 64 1 0 0 1 3 0 0 0 3B 1 0 
<<< A5 22 6F 16 0 8E 1 30 40 0 7 0 2 1 2 3 64 1 0 0 1 3 0 0 0 3B 1 0 
<<< A5 22 6F 16 0 8E 1 30 40 0 7 0 2 1 2 3 64 1 0 0 1 3 0 0 0 3B 1 0 
<<< A5 22 70 16 0 8D 1 30 40 0 7 0 2 1 2 3 64 1 0 0 1 3 0 0 0 3B 1 0 
<<< A5 22 70 16 0 8D 1 30 40 0 7 0 2 1 2 3 64 1 0 0 1 3 0 0 0 3B 1 0 
<<< A5 22 70 16 0 8D 1 30 40 0 7 0 2 1 2 3 64 1 0 0 1 3 0 0 0 3B 1 0 
<<< A5 22 70 16 0 8D 1 30 40 0 7 0 2 1 2 3 64 1 0 0 1 3 0 0 0 3B 1 0 
<<< A5 22 71 16 0 8C 1 30 40 0 7 0 2 1 2 3 64 1 0 0 1 3 0 0 0 3B 1 0 
<<< A5 22 71 16 0 8C 1 30 40 0 7 0 2 1 2 3 64 1 0 0 1 3 0 0 0 3B 1 0 
<<< A5 22 71 16 0 8C 1 30 40 0 7 0 2 1 2 3 64 1 0 0 1 3 0 0 0 3B 1 0 
<<< A5 22 71 16 0 8C 1 30 40 0 7 0 2 1 2 3 64 1 0 0 1 3 0 0 0 3B 1 0 
<<< A5 22 72 16 0 8B 1 30 40 0 7 0 2 1 2 3 64 1 0 0 1 3 0 0 0 3B 1 0 
<<< A5 22 72 16 0 8B 1 30 40 0 7 0 2 1 2 3 64 1 0 0 1 3 0 0 0 3B 1 0 
<<< A5 22 73 16 0 8A 1 30 40 0 7 0 2 1 2 3 64 1 0 0 1 3 0 0 0 3B 1 0 
<<< A5 22 73 16 0 8A 1 30 40 0 7 0 2 1 2 3 64 1 0 0 1 3 0 0 0 3B 1 0 
<<< A5 22 73 16 0 8A 1 30 40 0 7 0 2 1 2 3 64 1 0 0 1 3 0 0 0 3B 1 0 
<<< A5 22 73 16 0 8A 1 30 40 0 7 0 2 1 2 3 64 1 0 0 1 3 0 0 0 3B 1 0 
<<< A5 22 74 16 0 89 1 30 40 0 7 0 2 1 2 3 64 1 0 0 1 3 0 0 0 3B 1 0 
<<< A5 22 74 16 0 89 1 30 40 0 7 0 2 1 2 3 64 1 0 0 1 3 0 0 0 3B 1 0 
<<< A5 22 74 16 0 89 1 30 40 0 7 0 2 1 2 3 64 1 0 0 1 3 0 0 0 3B 1 0 
<<< A5 22 74 16 0 89 1 30 40 0 7 0 2 1 2 3 64 1 0 0 1 3 0 0 0 3B 1 0 
<<< A5 22 75 16 0 88 1 30 40 0 7 0 2 1 2 3 64 1 0 0 1 3 0 0 0 3B 1 0 
<<< A5 22 75 16 0 88 1 30 40 0 7 0 2 1 2 3 64 1 0 0 1 3 0 0 0 3B 1 0 
<<< A5 22 75 16 0 88 1 30 40 0 7 0 2 1 2 3 64 1 0 0 1 3 0 0 0 3B 1 0 
<<< A5 22 75 16 0 88 1 30 40 0 7 0 2 1 2 3 64 1 0 0 1 3 0 0 0 3B 1 0 A5 22 76 16 0 89 1 30 40 0 7 0 2 1 0 3 64 1 0 0 1 3 0 0 0 3B 1 0 
<<< A5 22 76 16 0 89 1 30 40 0 7 0 2 1 0 3 64 1 0 0 1 3 0 0 0 3B 1 0 
<<< A5 22 76 16 0 89 1 30 40 0 7 0 2 1 0 3 64 1 0 0 1 3 0 0 0 3B 1 0 
<<< A5 22 76 16 0 89 1 30 40 0 7 0 2 1 0 3 64 1 0 0 1 3 0 0 0 3B 1 0 
<<< A5 22 77 16 0 88 1 30 40 0 7 0 2 1 0 3 64 1 0 0 1 3 0 0 0 3B 1 0 
<<< A5 22 77 16 0 88 1 30 40 0 7 0 2 1 0 3 64 1 0 0 1 3 0 0 0 3B 1 0 
<<< A5 22 78 16 0 89 1 30 40 0 7 0 2 1 0 1 64 1 0 0 1 3 0 0 0 3B 1 0 
<<< A5 22 78 16 0 89 1 30 40 0 7 0 2 1 0 1 64 1 0 0 1 3 0 0 0 3B 1 0 
<<< A5 22 78 16 0 89 1 30 40 0 7 0 2 1 0 1 64 1 0 0 1 3 0 0 0 3B 1 0 
<<< A5 22 78 16 0 89 1 30 40 0 7 0 2 1 0 1 64 1 0 0 1 3 0 0 0 3B 1 0 
<<< A5 22 79 16 0 87 1 30 40 0 7 0 2 1 0 2 64 1 0 0 1 3 0 0 0 3B 1 0 
<<< A5 22 79 16 0 87 1 30 40 0 7 0 2 1 0 2 64 1 0 0 1 3 0 0 0 3B 1 0 
<<< A5 22 79 16 0 87 1 30 40 0 7 0 2 1 0 2 64 1 0 0 1 3 0 0 0 3B 1 0 A5 22 7A 16 0 86 1 30 40 0 7 0 2 1 0 2 64 1 0 0 1 3 0 0 0 3B 1 0 
<<< A5 22 7A 16 0 86 1 30 40 0 7 0 2 1 0 2 64 1 0 0 1 3 0 0 0 3B 1 0 
<<< A5 22 7A 16 0 86 1 30 40 0 7 0 2 1 0 2 64 1 0 0 1 3 0 0 0 3B 1 0 
<<< A5 22 7A 16 0 86 1 30 40 0 7 0 2 1 0 2 64 1 0 0 1 3 0 0 0 3B 1 0 
<<< A5 22 7B 16 0 85 1 30 40 0 7 0 2 1 0 2 64 1 0 0 1 3 0 0 0 3B 1 0 
<<< A5 22 7B 16 0 85 1 30 40 0 7 0 2 1 0 2 64 1 0 0 1 3 0 0 0 3B 1 0 
<<< A5 22 7C 16 0 84 1 30 40 0 7 0 2 1 0 2 64 1 0 0 1 3 0 0 0 3B 1 0 
<<< A5 22 7C 16 0 84 1 30 40 0 7 0 2 1 0 2 64 1 0 0 1 3 0 0 0 3B 1 0 
<<< A5 22 7C 16 0 84 1 30 40 0 7 0 2 1 0 2 64 1 0 0 1 3 0 0 0 3B 1 0 
<<< A5 22 7C 16 0 84 1 30 40 0 7 0 2 1 0 2 64 1 0 0 1 3 0 0 0 3B 1 0 
<<< A5 22 7D 16 0 83 1 30 40 0 7 0 2 1 0 2 64 1 0 0 1 3 0 0 0 3B 1 0 
<<< A5 22 7D 16 0 83 1 30 40 0 7 0 2 1 0 2 64 1 0 0 1 3 0 0 0 3B 1 0 
<<< A5 22 7D 16 0 83 1 30 40 0 7 0 2 1 0 2 64 1 0 0 1 3 0 0 0 3B 1 0 
<<< A5 22 7D 16 0 83 1 30 40 0 7 0 2 1 0 2 64 1 0 0 1 3 0 0 0 3B 1 0 
<<< A5 22 7E 16 0 82 1 30 40 0 7 0 2 1 0 2 64 1 0 0 1 3 0 0 0 3B 1 0 
<<< A5 22 7E 16 0 82 1 30 40 0 7 0 2 1 0 2 64 1 0 0 1 3 0 0 0 3B 1 0 
<<< A5 22 7E 16 0 82 1 30 40 0 7 0 2 1 0 2 64 1 0 0 1 3 0 0 0 3B 1 0 
<<< A5 22 7E 16 0 82 1 30 40 0 7 0 2 1 0 2 64 1 0 0 1 3 0 0 0 3B 1 0 
<<< A5 22 7F 16 0 81 1 30 40 0 7 0 2 1 0 2 64 1 0 0 1 3 0 0 0 3B 1 0 
<<< A5 22 7F 16 0 81 1 30 40 0 7 0 2 1 0 2 64 1 0 0 1 3 0 0 0 3B 1 0 
<<< A5 22 7F 16 0 81 1 30 40 0 7 0 2 1 0 2 64 1 0 0 1 3 0 0 0 3B 1 0 
<<< A5 22 7F 16 0 81 1 30 40 0 7 0 2 1 0 2 64 1 0 0 1 3 0 0 0 3B 1 0 
<<< A5 22 80 16 0 7F 1 30 40 0 7 0 2 1 0 3 64 1 0 0 1 3 0 0 0 3B 1 0 
<<< A5 22 80 16 0 7F 1 30 40 0 7 0 2 1 0 3 64 1 0 0 1 3 0 0 0 3B 1 0 
<<< A5 22 80 16 0 7F 1 30 40 0 7 0 2 1 0 3 64 1 0 0 1 3 0 0 0 3B 1 0 A5 22 81 16 0 7E 1 30 40 0 7 0 2 1 0 3 64 1 0 0 1 3 0 0 0 3B 1 0 
<<< A5 22 81 16 0 7E 1 30 40 0 7 0 2 1 0 3 64 1 0 0 1 3 0 0 0 3B 1 0 
<<< A5 22 81 16 0 7E 1 30 40 0 7 0 2 1 0 3 64 1 0 0 1 3 0 0 0 3B 1 0 
<<< A5 22 81 16 0 7E 1 30 40 0 7 0 2 1 0 3 64 1 0 0 1 3 0 0 0 3B 1 0 
<<< A5 22 82 16 0 7F 1 30 40 0 7 0 2 1 0 1 64 1 0 0 1 3 0 0 0 3B 1 0 
<<< A5 22 82 16 0 7F 1 30 40 0 7 0 2 1 0 1 64 1 0 0 1 3 0 0 0 3B 1 0 
<<< A5 22 82 16 0 7F 1 30 40 0 7 0 2 1 0 1 64 1 0 0 1 3 0 0 0 3B 1 0 
<<< A5 22 83 16 0 E3 1 30 40 0 7 0 2 0 0 1 0 1 0 0 1 3 0 0 0 3B 1 0 
<<< A5 22 83 16 0 E3 1 30 40 0 7 0 2 0 0 1 0 1 0 0 1 3 0 0 0 3B 1 0 
<<< A5 22 83 16 0 E3 1 30 40 0 7 0 2 0 0 1 0 1 0 0 1 3 0 0 0 3B 1 0 
<<< A5 22 83 16 0 E3 1 30 40 0 7 0 2 0 0 1 0 1 0 0 1 3 0 0 0 3B 1 0 
<<< A5 22 84 16 0 E2 1 30 40 0 7 0 2 0 0 1 0 1 0 0 1 3 0 0 0 3B 1 0 
<<< A5 22 84 16 0 E2 1 30 40 0 7 0 2 0 0 1 0 1 0 0 1 3 0 0 0 3B 1 0 
<<< A5 22 85 16 0 E1 1 30 40 0 7 0 2 0 0 1 0 1 0 0 1 3 0 0 0 3B 1 0 
<<< A5 22 85 16 0 E1 1 30 40 0 7 0 2 0 0 1 0 1 0 0 1 3 0 0 0 3B 1 0 
<<< A5 22 85 16 0 E1 1 30 40 0 7 0 2 0 0 1 0 1 0 0 1 3 0 0 0 3B 1 0 
<<< A5 22 85 16 0 E1 1 30 40 0 7 0 2 0 0 1 0 1 0 0 1 3 0 0 0 3B 1 0 
<<< A5 22 86 16 0 E0 1 30 40 0 7 0 2 0 0 1 0 1 0 0 1 3 0 0 0 3B 1 0 
<<< A5 22 86 16 0 E0 1 30 40 0 7 0 2 0 0 1 0 1 0 0 1 3 0 0 0 3B 1 0 
<<< A5 22 86 16 0 E0 1 30 40 0 7 0 2 0 0 1 0 1 0 0 1 3 0 0 0 3B 1 0 
<<< A5 22 86 16 0 E0 1 30 40 0 7 0 2 0 0 1 0 1 0 0 1 3 0 0 0 3B 1 0 
<<< A5 22 87 16 0 DF 1 30 40 0 7 0 2 0 0 1 0 1 0 0 1 3 0 0 0 3B 1 0 
<<< A5 22 87 16 0 DF 1 30 40 0 7 0 2 0 0 1 0 1 0 0 1 3 0 0 0 3B 1 0 
<<< A5 22 87 16 0 DF 1 30 40 0 7 0 2 0 0 1 0 1 0 0 1 3 0 0 0 3B 1 0 
<<< A5 22 87 16 0 DF 1 30 40 0 7 0 2 0 0 1 0 1 0 0 1 3 0 0 0 3B 1 0 A5 22 88 16 0 DD 1 30 40 0 7 0 2 0 0 1 0 1 0 0 1 4 0 0 0 3B 1 0 
<<< A5 22 88 16 0 DD 1 30 40 0 7 0 2 0 0 1 0 1 0 0 1 4 0 0 0 3B 1 0 
<<< A5 22 88 16 0 DD 1 30 40 0 7 0 2 0 0 1 0 1 0 0 1 4 0 0 0 3B 1 0 
<<< A5 22 88 16 0 DD 1 30 40 0 7 0 2 0 0 1 0 1 0 0 1 4 0 0 0 3B 1 0 
<<< A5 22 89 16 0 DC 1 30 40 0 7 0 2 0 0 1 0 1 0 0 1 4 0 0 0 3B 1 0 
<<< 1 0 0 0 0 0 0 0 0 0 0 0 0 0 0 0 0 
>>> FF 0 0 0 0 42 2 0 0 0 0 0 0 0 0 0 0 0 0 
<<< 0 
>>> 0 
<<< C0 
>>> F8 
<<< A5 22 0 16 0 6A 1 30 40 0 7 0 2 0 0 0 0 1 0 0 1 0 0 0 0 3B 1 0 
<<< A5 22 0 16 0 6A 1 30 40 0 7 0 2 0 0 0 0 1 0 0 1 0 0 0 0 3B 1 0 
<<< A5 22 0 16 0 6A 1 30 40 0 7 0 2 0 0 0 0 1 0 0 1 0 0 0 0 3B 1 0 
<<< A5 22 0 16 0 6A 1 30 40 0 7 0 2 0 0 0 0 1 0 0 1 0 0 0 0 3B 1 0 
<<< A5 22 1 16 0 69 1 30 40 0 7 0 2 0 0 0 0 1 0 0 1 0 0 0 0 3B 1 0 
<<< A5 22 1 16 0 69 1 30 40 0 7 0 2 0 0 0 0 1 0 0 1 0 0 0 0 3B 1 0 A5 22 2 16 0 65 1 30 40 0 7 0 2 0 0 0 0 1 0 0 1 3 0 0 0 3B 1 0 
<<< A5 22 2 16 0 65 1 30 40 0 7 0 2 0 0 0 0 1 0 0 1 3 0 0 0 3B 1 0 
<<< A5 22 2 16 0 65 1 30 40 0 7 0 2 0 0 0 0 1 0 0 1 3 0 0 0 3B 1 0 
<<< A5 22 2 16 0 65 1 30 40 0 7 0 2 0 0 0 0 1 0 0 1 3 0 0 0 3B 1 0 
<<< A5 22 3 16 0 64 1 30 40 0 7 0 2 0 0 0 0 1 0 0 1 3 0 0 0 3B 1 0 
<<< A5 22 3 16 0 64 1 30 40 0 7 0 2 0 0 0 0 1 0 0 1 3 0 0 0 3B 1 0 
<<< A5 22 3 16 0 64 1 30 40 0 7 0 2 0 0 0 0 1 0 0 1 3 0 0 0 3B 1 0 
<<< A5 22 3 16 0 64 1 30 40 0 7 0 2 0 0 0 0 1 0 0 1 3 0 0 0 3B 1 0 
<<< A5 22 4 16 0 63 1 30 40 0 7 0 2 0 0 0 0 1 0 0 1 3 0 0 0 3B 1 0 
<<< A5 22 4 16 0 63 1 30 40 0 7 0 2 0 0 0 0 1 0 0 1 3 0 0 0 3B 1 0 
<<< A5 22 4 16 0 63 1 30 40 0 7 0 2 0 0 0 0 1 0 0 1 3 0 0 0 3B 1 0 
<<< A5 22 4 16 0 63 1 30 40 0 7 0 2 0 0 0 0 1 0 0 1 3 0 0 0 3B 1 0 
<<< A5 22 5 16 0 61 1 30 40 0 7 0 2 0 0 0 0 1 0 0 1 4 0 0 0 3B 1 0 
<<< A5 22 5 16 0 61 1 30 40 0 7 0 2 0 0 0 0 1 0 0 1 4 0 0 0 3B 1 0 
<<< A5 22 5 16 0 61 1 30 40 0 7 0 2 0 0 0 0 1 0 0 1 4 0 0 0 3B 1 0 A5 22 6 16 0 60 1 30 40 0 7 0 2 0 0 0 0 1 0 0 1 4 0 0 0 3B 1 0 
<<< A5 22 6 16 0 60 1 30 40 0 7 0 2 0 0 0 0 1 0 0 1 4 0 0 0 3B 1 0 
<<< A5 22 6 16 0 60 1 30 40 0 7 0 2 0 0 0 0 1 0 0 1 4 0 0 0 3B 1 0 
<<< A5 22 6 16 0 60 1 30 40 0 7 0 2 0 0 0 0 1 0 0 1 4 0 0 0 3B 1 0 
<<< A5 22 7 16 0 60 1 30 40 0 7 0 2 0 0 0 0 1 0 0 1 3 0 0 0 3B 1 0 
<<< A5 22 7 16 0 60 1 30 40 0 7 0 2 0 0 0 0 1 0 0 1 3 0 0 0 3B 1 0 
<<< A5 22 7 16 0 60 1 30 40 0 7 0 2 0 0 0 0 1 0 0 1 3 0 0 0 3B 1 0 
<<< A5 22 7 16 0 60 1 30 40 0 7 0 2 0 0 0 0 1 0 0 1 3 0 0 0 3B 1 0 
<<< A5 22 8 16 0 5F 1 30 40 0 7 0 2 0 0 0 0 1 0 0 1 3 0 0 0 3B 1 0 
<<< A5 22 8 16 0 5F 1 30 40 0 7 0 2 0 0 0 0 1 0 0 1 3 0 0 0 3B 1 0 A5 22 9 16 0 5D 1 30 40 0 7 0 2 0 0 0 0 1 0 0 1 4 0 0 0 3B 1 0 A5 22 A 16 0 5D 1 30 40 0 7 0 2 0 0 0 0 1 0 0 1 3 0 0 0 3B 1 0 
<<< A5 22 A 16 0 5D 1 30 40 0 7 0 2 0 0 0 0 1 0 0 1 3 0 0 0 3B 1 0 
<<< A5 22 A 16 0 5D 1 30 40 0 7 0 2 0 0 0 0 1 0 0 1 3 0 0 0 3B 1 0 
<<< A5 22 A 16 0 5D 1 30 40 0 7 0 2 0 0 0 0 1 0 0 1 3 0 0 0 3B 1 0 
<<< A5 22 B 16 0 5C 1 30 40 0 7 0 2 0 0 0 0 1 0 0 1 3 0 0 0 3B 1 0 
<<< A5 22 B 16 0 5C 1 30 40 0 7 0 2 0 0 0 0 1 0 0 1 3 0 0 0 3B 1 0 
<<< A5 22 B 16 0 5C 1 30 40 0 7 0 2 0 0 0 0 1 0 0 1 3 0 0 0 3B 1 0 
<<< A5 22 B 16 0 5C 1 30 40 0 7 0 2 0 0 0 0 1 0 0 1 3 0 0 0 3B 1 0 
<<< A5 22 C 16 0 5B 1 30 40 0 7 0 2 0 0 0 0 1 0 0 1 3 0 0 0 3B 1 0 
<<< A5 22 C 16 0 5B 1 30 40 0 7 0 2 0 0 0 0 1 0 0 1 3 0 0 0 3B 1 0 
<<< A5 22 C 16 0 5B 1 30 40 0 7 0 2 0 0 0 0 1 0 0 1 3 0 0 0 3B 1 0 
<<< A5 22 C 16 0 5B 1 30 40 0 7 0 2 0 0 0 0 1 0 0 1 3 0 0 0 3B 1 0 
<<< 40 40 0 0 0 0 0 
>>> FF 3 0 0 0 0 0 0 0 
>>> F8 
<<< E0 
<<< A5 22 0 16 0 6A 1 30 40 0 7 0 2 0 0 0 0 1 0 0 1 0 0 0 0 3B 1 0 
<<< A5 22 0 16 0 6A 1 30 40 0 7 0 2 0 0 0 0 1 0 0 1 0 0 0 0 3B 1 0 
<<< A5 22 0 16 0 6A 1 30 40 0 7 0 2 0 0 0 0 1 0 0 1 0 0 0 0 3B 1 0 
<<< A5 22 0 16 0 6A 1 30 40 0 7 0 2 0 0 0 0 1 0 0 1 0 0 0 0 3B 1 0 
<<< A5 22 1 16 0 69 1 30 40 0 7 0 2 0 0 0 0 1 0 0 1 0 0 0 0 3B 1 0 
<<< A5 22 1 16 0 69 1 30 40 0 7 0 2 0 0 0 0 1 0 0 1 0 0 0 0 3B 1 0 A5 22 2 16 0 67 1 30 40 0 7 0 2 0 0 0 0 1 0 0 1 1 0 0 0 3B 1 0 
<<< A5 22 2 16 0 67 1 30 40 0 7 0 2 0 0 0 0 1 0 0 1 1 0 0 0 3B 1 0 
<<< A5 22 2 16 0 67 1 30 40 0 7 0 2 0 0 0 0 1 0 0 1 1 0 0 0 3B 1 0 
<<< A5 22 2 16 0 67 1 30 40 0 7 0 2 0 0 0 0 1 0 0 1 1 0 0 0 3B 1 0 
>>> 0 
<<< 0 0 0 0 
>>> 0 0 FC 0 
<<< FC 6B 73 
<<< FF EF 0 
<<< FF 
>>> 0 
>>> C0 
>>> 0 
>>> FF 
>>> 0 
>>> 0 FF 
<<< FF 
>>> A5 22 4 4 0 BE 1 31 40 0 
<<< A5 12 4 16 0 75 1 31 40 0 7 0 2 0 0 0 0 1 0 0 1 0 0 0 0 3B 1 0 A5 12 5 4 0 74 1 29 A1 0 
>>> A5 22 5 A 0 63 1 29 A1 0 1 7D 0 7D 0 0 
<<< A5 22 1 16 0 69 1 30 40 0 7 0 2 0 0 0 0 1 0 0 1 0 0 0 0 3B 1 0 
>>> A5 12 1 4 0 D2 1 30 40 0 
<<< A5 22 2 16 0 65 1 30 40 0 7 0 2 0 0 0 0 1 0 0 1 3 0 0 0 3B 1 0 
>>> A5 12 2 4 0 D1 1 30 40 0 
<<< A5 22 3 16 0 63 1 30 40 0 7 0 2 0 0 0 0 1 0 0 1 4 0 0 0 3B 1 0 
>>> A5 12 3 4 0 D0 1 30 40 0 
<<< A5 22 4 16 0 62 1 30 40 0 7 0 2 0 0 0 0 1 0 0 1 4 0 0 0 3B 1 0 
>>> A5 12 4 4 0 CF 1 30 40 0 
<<< A5 22 5 16 0 61 1 30 40 0 7 0 2 0 0 0 0 1 0 0 1 4 0 0 0 3B 1 0 
>>> A5 12 5 4 0 CE 1 30 40 0 
<<< A5 22 6 16 0 60 1 30 40 0 7 0 2 0 0 0 0 1 0 0 1 4 0 0 0 3B 1 0 
>>> A5 12 6 4 0 CD 1 30 40 0 
<<< A5 22 7 16 0 5F 1 30 40 0 7 0 2 0 0 0 0 1 0 0 1 4 0 0 0 3B 1 0 
>>> A5 12 7 4 0 CC 1 30 40 0 
<<< A5 22 8 16 0 5E 1 30 40 0 7 0 2 0 0 0 0 1 0 0 1 4 0 0 0 3B 1 0 
>>> A5 12 8 4 0 CB 1 30 40 0 
<<< A5 22 9 16 0 5D 1 30 40 0 7 0 2 0 0 0 0 1 0 0 1 4 0 0 0 3B 1 0 
>>> A5 12 9 4 0 CA 1 30 40 0 
<<< A5 22 A 16 0 5C 1 30 40 0 7 0 2 0 0 0 0 1 0 0 1 4 0 0 0 3B 1 0 
>>> A5 12 A 4 0 C9 1 30 40 0 
<<< A5 22 B 16 0 5B 1 30 40 0 7 0 2 0 0 0 0 1 0 0 1 4 0 0 0 3B 1 0 
>>> A5 12 B 4 0 C8 1 30 40 0 
<<< A5 22 C 16 0 5A 1 30 40 0 7 0 2 0 0 0 0 1 0 0 1 4 0 0 0 3B 1 0 
>>> A5 12 C 4 0 C7 1 30 40 0 
<<< A5 22 D 16 0 59 1 30 40 0 7 0 2 0 0 0 0 1 0 0 1 4 0 0 0 3B 1 0 
>>> A5 12 D 4 0 C6 1 30 40 0 
<<< A5 22 E 16 0 58 1 30 40 0 7 0 2 0 0 0 0 1 0 0 1 4 0 0 0 3B 1 0 
>>> A5 12 E 4 0 C5 1 30 40 0 
<<< A5 22 F 16 0 57 1 30 40 0 7 0 2 0 0 0 0 1 0 0 1 4 0 0 0 3B 1 0 
>>> A5 12 F 4 0 C4 1 30 40 0 
<<< A5 22 10 16 0 56 1 30 40 0 7 0 2 0 0 0 0 1 0 0 1 4 0 0 0 3B 1 0 
>>> A5 12 10 4 0 C3 1 30 40 0 
<<< A5 22 11 16 0 55 1 30 40 0 7 0 2 0 0 0 0 1 0 0 1 4 0 0 0 3B 1 0 
>>> A5 12 11 4 0 C2 1 30 40 0 
<<< A5 22 12 16 0 54 1 30 40 0 7 0 2 0 0 0 0 1 0 0 1 4 0 0 0 3B 1 0 
>>> A5 12 12 4 0 C1 1 30 40 0 
<<< A5 22 13 16 0 ED 1 30 40 0 7 0 2 1 0 1 64 1 0 0 1 4 0 0 0 3B 1 0 
>>> A5 12 13 4 0 C0 1 30 40 0 
<<< A5 22 14 16 0 EC 1 30 40 0 7 0 2 1 0 1 64 1 0 0 1 4 0 0 0 3B 1 0 
>>> A5 12 14 4 0 BF 1 30 40 0 
<<< A5 22 15 16 0 EB 1 30 40 0 7 0 2 1 0 1 64 1 0 0 1 4 0 0 0 3B 1 0 
>>> A5 12 15 4 0 BE 1 30 40 0 
<<< A5 22 16 16 0 EA 1 30 40 0 7 0 2 1 0 1 64 1 0 0 1 4 0 0 0 3B 1 0 
>>> A5 12 16 4 0 BD 1 30 40 0 
<<< A5 22 17 16 0 E8 1 30 40 0 7 0 2 1 0 2 64 1 0 0 1 4 0 0 0 3B 1 0 
>>> A5 12 17 4 0 BC 1 30 40 0 
<<< A5 22 18 16 0 E7 1 30 40 0 7 0 2 1 0 2 64 1 0 0 1 4 0 0 0 3B 1 0 
>>> A5 12 18 4 0 BB 1 30 40 0 
<<< A5 22 19 16 0 E6 1 30 40 0 7 0 2 1 0 2 64 1 0 0 1 4 0 0 0 3B 1 0 
>>> A5 12 19 4 0 BA 1 30 40 0 
<<< A5 22 1A 16 0 E5 1 30 40 0 7 0 2 1 0 2 64 1 0 0 1 4 0 0 0 3B 1 0 
>>> A5 12 1A 4 0 B9 1 30 40 0 
<<< A5 22 1B 16 0 E4 1 30 40 0 7 0 2 1 0 2 64 1 0 0 1 4 0 0 0 3B 1 0 
>>> A5 12 1B 4 0 B8 1 30 40 0 
<<< A5 22 1C 16 0 E3 1 30 40 0 7 0 2 1 0 2 64 1 0 0 1 4 0 0 0 3B 1 0 
>>> A5 12 1C 4 0 B7 1 30 40 0 
<<< A5 22 1D 16 0 E2 1 30 40 0 7 0 2 1 0 2 64 1 0 0 1 4 0 0 0 3B 1 0 
>>> A5 12 1D 4 0 B6 1 30 40 0 
<<< A5 22 1E 16 0 E0 1 30 40 0 7 0 2 1 0 3 64 1 0 0 1 4 0 0 0 3B 1 0 
>>> A5 12 1E 4 0 B5 1 30 40 0 
<<< A5 22 1F 16 0 E2 1 30 40 0 7 0 2 1 0 1 64 1 0 0 1 3 0 0 0 3B 1 0 
>>> A5 12 1F 4 0 B4 1 30 40 0 
<<< A5 22 20 16 0 E0 1 30 40 0 7 0 2 1 0 2 64 1 0 0 1 3 0 0 0 3B 1 0 
>>> A5 12 20 4 0 B3 1 30 40 0 
<<< A5 22 21 16 0 DE 1 30 40 0 7 0 2 1 0 3 64 1 0 0 1 3 0 0 0 3B 1 0 
>>> A5 12 21 4 0 B2 1 30 40 0 
<<< A5 22 22 16 0 DF 1 30 40 0 7 0 2 1 0 1 64 1 0 0 1 3 0 0 0 3B 1 0 
>>> A5 12 22 4 0 B1 1 30 40 0 
<<< A5 22 23 16 0 DD 1 30 40 0 7 0 2 1 0 2 64 1 0 0 1 3 0 0 0 3B 1 0 
>>> A5 12 23 4 0 B0 1 30 40 0 
<<< A5 22 24 16 0 DB 1 30 40 0 7 0 2 1 0 3 64 1 0 0 1 3 0 0 0 3B 1 0 
>>> A5 12 24 4 0 AF 1 30 40 0 
<<< A5 22 25 16 0 DC 1 30 40 0 7 0 2 1 0 1 64 1 0 0 1 3 0 0 0 3B 1 0 
>>> A5 12 25 4 0 AE 1 30 40 0 
<<< A5 22 26 16 0 DB 1 30 40 0 7 0 2 1 0 1 64 1 0 0 1 3 0 0 0 3B 1 0 
>>> A5 12 26 4 0 AD 1 30 40 0 
<<< A5 22 27 16 0 D9 1 30 40 0 7 0 2 1 0 1 64 1 0 0 1 4 0 0 0 3B 1 0 
>>> A5 12 27 4 0 AC 1 30 40 0 
<<< A5 22 28 16 0 D8 1 30 40 0 7 0 2 1 0 1 64 1 0 0 1 4 0 0 0 3B 1 0 
>>> A5 12 28 4 0 AB 1 30 40 0 
<<< A5 22 29 16 0 D6 1 30 40 0 7 0 2 1 0 2 64 1 0 0 1 4 0 0 0 3B 1 0 
>>> A5 12 29 4 0 AA 1 30 40 0 
<<< A5 22 2A 16 0 D5 1 30 40 0 7 0 2 1 0 2 64 1 0 0 1 4 0 0 0 3B 1 0 
>>> A5 12 2A 4 0 A9 1 30 40 0 
<<< A5 22 2B 16 0 D4 1 30 40 0 7 0 2 1 0 2 64 1 0 0 1 4 0 0 0 3B 1 0 
>>> A5 12 2B 4 0 A8 1 30 40 0 
<<< A5 22 2C 16 0 D2 1 30 40 0 7 0 2 1 0 3 64 1 0 0 1 4 0 0 0 3B 1 0 
>>> A5 12 2C 4 0 A7 1 30 40 0 
<<< A5 22 2D 16 0 D3 1 30 40 0 7 0 2 1 0 1 64 1 0 0 1 4 0 0 0 3B 1 0 
>>> A5 12 2D 4 0 A6 1 30 40 0 
<<< A5 22 2E 16 0 D2 1 30 40 0 7 0 2 1 0 1 64 1 0 0 1 4 0 0 0 3B 1 0 
>>> A5 12 2E 4 0 A5 1 30 40 0 
<<< A5 22 2F 16 0 D0 1 30 40 0 7 0 2 1 0 2 64 1 0 0 1 4 0 0 0 3B 1 0 
>>> A5 12 2F 4 0 A4 1 30 40 0 
<<< A5 22 30 16 0 CE 1 30 40 0 7 0 2 1 0 3 64 1 0 0 1 4 0 0 0 3B 1 0 
>>> A5 12 30 4 0 A3 1 30 40 0 
<<< A5 22 31 16 0 CF 1 30 40 0 7 0 2 1 0 1 64 1 0 0 1 4 0 0 0 3B 1 0 
>>> A5 12 31 4 0 A2 1 30 40 0 
<<< A5 22 32 16 0 CE 1 30 40 0 7 0 2 1 0 1 64 1 0 0 1 4 0 0 0 3B 1 0 
>>> A5 12 32 4 0 A1 1 30 40 0 
<<< A5 22 33 16 0 CC 1 30 40 0 7 0 2 1 0 2 64 1 0 0 1 4 0 0 0 3B 1 0 
>>> A5 12 33 4 0 A0 1 30 40 0 
<<< A5 22 34 16 0 CA 1 30 40 0 7 0 2 1 0 3 64 1 0 0 1 4 0 0 0 3B 1 0 
>>> A5 12 34 4 0 9F 1 30 40 0 
<<< A5 22 35 16 0 CB 1 30 40 0 7 0 2 1 0 1 64 1 0 0 1 4 0 0 0 3B 1 0 
>>> A5 12 35 4 0 9E 1 30 40 0 
<<< A5 22 36 16 0 C9 1 30 40 0 7 0 2 1 0 2 64 1 0 0 1 4 0 0 0 3B 1 0 
>>> A5 12 36 4 0 9D 1 30 40 0 
<<< A5 22 37 16 0 C7 1 30 40 0 7 0 2 1 0 3 64 1 0 0 1 4 0 0 0 3B 1 0 
>>> A5 12 37 4 0 9C 1 30 40 0 
<<< A5 22 38 16 0 C8 1 30 40 0 7 0 2 1 0 1 64 1 0 0 1 4 0 0 0 3B 1 0 
>>> A5 12 38 4 0 9B 1 30 40 0 
<<< A5 22 39 16 0 C6 1 30 40 0 7 0 2 1 0 2 64 1 0 0 1 4 0 0 0 3B 1 0 
>>> A5 12 39 4 0 9A 1 30 40 0 
<<< A5 22 3A 16 0 C4 1 30 40 0 7 0 2 1 0 3 64 1 0 0 1 4 0 0 0 3B 1 0 
>>> A5 12 3A 4 0 99 1 30 40 0 
<<< A5 22 3B 16 0 C3 1 30 40 0 7 0 2 1 0 3 64 1 0 0 1 4 0 0 0 3B 1 0 
>>> A5 12 3B 4 0 98 1 30 40 0 
<<< A5 22 3C 16 0 C4 1 30 40 0 7 0 2 1 0 1 64 1 0 0 1 4 0 0 0 3B 1 0 
>>> A5 12 3C 4 0 97 1 30 40 0 
<<< A5 22 3D 16 0 C2 1 30 40 0 7 0 2 1 0 2 64 1 0 0 1 4 0 0 0 3B 1 0 
>>> A5 12 3D 4 0 96 1 30 40 0 
<<< A5 22 3E 16 0 C0 1 30 40 0 7 0 2 1 0 3 64 1 0 0 1 4 0 0 0 3B 1 0 
>>> A5 12 3E 4 0 95 1 30 40 0 
<<< A5 22 3F 16 0 C1 1 30 40 0 7 0 2 1 0 1 64 1 0 0 1 4 0 0 0 3B 1 0 
>>> A5 12 3F 4 0 94 1 30 40 0 
<<< A5 22 40 16 0 BF 1 30 40 0 7 0 2 1 0 2 64 1 0 0 1 4 0 0 0 3B 1 0 
>>> A5 12 40 4 0 93 1 30 40 0 
<<< A5 22 40 16 0 BF 1 30 40 0 7 0 2 1 0 2 64 1 0 0 1 4 0 0 0 3B 1 0 
>>> A5 12 40 4 0 93 1 30 40 0 
<<< A5 22 41 16 0 BD 1 30 40 0 7 0 2 1 0 3 64 1 0 0 1 4 0 0 0 3B 1 0 
>>> A5 12 41 4 0 92 1 30 40 0 
<<< A5 22 42 16 0 BE 1 30 40 0 7 0 2 1 0 1 64 1 0 0 1 4 0 0 0 3B 1 0 
>>> A5 12 42 4 0 91 1 30 40 0 
<<< A5 22 43 16 0 BC 1 30 40 0 7 0 2 1 0 2 64 1 0 0 1 4 0 0 0 3B 1 0 
>>> A5 12 43 4 0 90 1 30 40 0 
<<< A5 22 44 16 0 BA 1 30 40 0 7 0 2 1 0 3 64 1 0 0 1 4 0 0 0 3B 1 0 
>>> A5 12 44 4 0 8F 1 30 40 0 
<<< A5 22 45 16 0 BB 1 30 40 0 7 0 2 1 0 1 64 1 0 0 1 4 0 0 0 3B 1 0 
>>> A5 12 45 4 0 8E 1 30 40 0 
<<< A5 22 46 16 0 B9 1 30 40 0 7 0 2 1 0 2 64 1 0 0 1 4 0 0 0 3B 1 0 
>>> A5 12 46 4 0 8D 1 30 40 0 
<<< A5 22 47 16 0 B8 1 30 40 0 7 0 2 1 0 2 64 1 0 0 1 4 0 0 0 3B 1 0 
>>> A5 12 47 4 0 8C 1 30 40 0 
<<< A5 22 47 16 0 B8 1 30 40 0 7 0 2 1 0 2 64 1 0 0 1 4 0 0 0 3B 1 0 
>>> A5 12 47 4 0 8C 1 30 40 0 
<<< A5 22 47 16 0 B8 1 30 40 0 7 0 2 1 0 2 64 1 0 0 1 4 0 0 0 3B 1 0 
>>> A5 12 47 4 0 8C 1 30 40 0 
<<< A5 22 47 16 0 B8 1 30 40 0 7 0 2 1 0 2 64 1 0 0 1 4 0 0 0 3B 1 0 
>>> A5 12 47 4 0 8C 1 30 40 0 
>>> A5 22 6 7 0 26 1 60 A2 0 0 1 1 
<<< A5 12 6 4 0 3B 1 60 A2 0 
<<< A5 22 48 16 0 B8 1 30 40 0 7 0 2 1 0 1 64 1 0 0 1 4 0 0 0 3B 1 0 
>>> A5 12 48 4 0 8B 1 30 40 0 
<<< A5 22 49 16 0 B7 1 30 40 0 7 0 2 1 0 1 64 1 0 0 1 4 0 0 0 3B 1 0 
>>> A5 12 49 4 0 8A 1 30 40 0 
<<< A5 22 4A 16 0 B6 1 30 40 0 7 0 2 1 0 1 64 1 0 0 1 4 0 0 0 3B 1 0 
>>> A5 12 4A 4 0 89 1 30 40 0 
>>> A5 22 7 7 0 23 1 60 A2 0 0 1 3 
<<< A5 12 7 4 0 3A 1 60 A2 0 
<<< A5 22 4B 16 0 B3 1 30 40 0 7 0 2 1 0 3 64 1 0 0 1 4 0 0 0 3B 1 0 
>>> A5 12 4B 4 0 88 1 30 40 0 
<<< A5 22 4C 16 0 B2 1 30 40 0 7 0 2 1 0 3 64 1 0 0 1 4 0 0 0 3B 1 0 
>>> A5 12 4C 4 0 87 1 30 40 0 
>>> A5 22 8 7 0 24 1 60 A2 0 0 1 1 
<<< A5 12 8 4 0 39 1 60 A2 0 
<<< A5 22 4D 16 0 B3 1 30 40 0 7 0 2 1 0 1 64 1 0 0 1 4 0 0 0 3B 1 0 
>>> A5 12 4D 4 0 86 1 30 40 0 
<<< A5 22 4E 16 0 B2 1 30 40 0 7 0 2 1 0 1 64 1 0 0 1 4 0 0 0 3B 1 0 
>>> A5 12 4E 4 0 85 1 30 40 0 
>>> A5 22 9 7 0 21 1 60 A2 0 0 1 3 
<<< A5 12 9 4 0 38 1 60 A2 0 
    A5 22 4F 16 0 AF 1 30 40 0 7 0 2 1 0 3 64 1 0 0 1 4 0 0 0 3B 1 0 
>>> A5 12 4F 4 0 84 1 30 40 0 
<<< A5 22 50 16 0 AE 1 30 40 0 7 0 2 1 0 3 64 1 0 0 1 4 0 0 0 3B 1 0 
>>> A5 12 50 4 0 83 1 30 40 0 
<<< A5 22 51 16 0 AD 1 30 40 0 7 0 2 1 0 3 64 1 0 0 1 4 0 0 0 3B 1 0 
>>> A5 12 51 4 0 82 1 30 40 0 
>>> A5 22 A 7 0 22 1 60 A2 0 0 1 1 
<<< A5 12 A 4 0 37 1 60 A2 0 A5 22 52 16 0 AE 1 30 40 0 7 0 2 1 0 1 64 1 0 0 1 4 0 0 0 3B 1 0 
>>> A5 12 52 4 0 81 1 30 40 0 
<<< A5 22 53 16 0 AD 1 30 40 0 7 0 2 1 0 1 64 1 0 0 1 4 0 0 0 3B 1 0 
>>> A5 12 53 4 0 80 1 30 40 0 
<<< A5 22 54 16 0 AC 1 30 40 0 7 0 2 1 0 1 64 1 0 0 1 4 0 0 0 3B 1 0 
>>> A5 12 54 4 0 7F 1 30 40 0 
<<< A5 22 55 16 0 AB 1 30 40 0 7 0 2 1 0 1 64 1 0 0 1 4 0 0 0 3B 1 0 
>>> A5 12 55 4 0 7E 1 30 40 0 
<<< A5 22 56 16 0 AB 1 30 40 0 7 0 2 1 0 1 64 1 0 0 1 3 0 0 0 3B 1 0 
>>> A5 12 56 4 0 7D 1 30 40 0 
<<< A5 22 57 16 0 AA 1 30 40 0 7 0 2 1 0 1 64 1 0 0 1 3 0 0 0 3B 1 0 
>>> A5 12 57 4 0 7C 1 30 40 0 
<<< A5 22 58 16 0 A8 1 30 40 0 7 0 2 1 0 1 64 1 0 0 1 4 0 0 0 3B 1 0 
>>> A5 12 58 4 0 7B 1 30 40 0 
<<< A5 22 59 16 0 A7 1 30 40 0 7 0 2 1 0 1 64 1 0 0 1 4 0 0 0 3B 1 0 
>>> A5 12 59 4 0 7A 1 30 40 0 
>>> A5 22 B 7 0 1F 1 60 A2 0 0 1 3 
<<< A5 12 B 4 0 36 1 60 A2 0 A5 22 5A 16 0 A4 1 30 40 0 7 0 2 1 0 3 64 1 0 0 1 4 0 0 0 3B 1 0 
>>> A5 12 5A 4 0 79 1 30 40 0 
<<< A5 22 5B 16 0 A4 1 30 40 0 7 0 2 1 0 3 64 1 0 0 1 3 0 0 0 3B 1 0 
>>> A5 12 5B 4 0 78 1 30 40 0 
<<< A5 22 5C 16 0 A3 1 30 40 0 7 0 2 1 0 3 64 1 0 0 1 3 0 0 0 3B 1 0 
>>> A5 12 5C 4 0 77 1 30 40 0 
>>> A5 22 C 7 0 20 1 60 A2 0 0 1 1 A5 12 5D 4 0 76 1 30 40 0 
<<< A5 12 C 4 0 35 1 60 A2 0 A5 22 5D 16 0 A4 1 30 40 0 7 0 2 1 0 1 64 1 0 0 1 3 0 0 0 3B 1 0 
<<< A5 22 5E 16 0 A3 1 30 40 0 7 0 2 1 0 1 64 1 0 0 1 3 0 0 0 3B 1 0 
>>> A5 12 5E 4 0 75 1 30 40 0 
<<< A5 22 5F 16 0 A2 1 30 40 0 7 0 2 1 0 1 64 1 0 0 1 3 0 0 0 3B 1 0 
>>> A5 12 5F 4 0 74 1 30 40 0 
>>> A5 22 D 7 0 1D 1 60 A2 0 0 1 3 
<<< A5 12 D 4 0 34 1 60 A2 0 
<<< A5 22 60 16 0 9F 1 30 40 0 7 0 2 1 0 3 64 1 0 0 1 3 0 0 0 3B 1 0 
>>> A5 12 60 4 0 73 1 30 40 0 
>>> A5 22 E 7 0 1E 1 60 A2 0 0 1 1 A5 12 61 4 0 72 1 30 40 0 
<<< A5 12 E 4 0 33 1 60 A2 0 A5 22 61 16 0 A0 1 30 40 0 7 0 2 1 0 1 64 1 0 0 1 3 0 0 0 3B 1 0 
<<< A5 22 62 16 0 9F 1 30 40 0 7 0 2 1 0 1 64 1 0 0 1 3 0 0 0 3B 1 0 
>>> A5 12 62 4 0 71 1 30 40 0 
>>> A5 22 F 7 0 1B 1 60 A2 0 0 1 3 A5 12 63 4 0 70 1 30 40 0 
<<< A5 12 F 4 0 32 1 60 A2 0 A5 22 63 16 0 9C 1 30 40 0 7 0 2 1 0 3 64 1 0 0 1 3 0 0 0 3B 1 0 
>>> A5 22 10 7 0 1C 1 60 A2 0 0 1 1 
<<< A5 12 10 4 0 31 1 60 A2 0 A5 22 64 16 0 9D 1 30 40 0 7 0 2 1 0 1 64 1 0 0 1 3 0 0 0 3B 1 0 
>>> A5 12 64 4 0 6F 1 30 40 0 
>>> A5 22 11 7 0 19 1 60 A2 0 0 1 3 A5 12 65 4 0 6E 1 30 40 0 
<<< A5 12 11 4 0 30 1 60 A2 0 A5 22 65 16 0 9A 1 30 40 0 7 0 2 1 0 3 64 1 0 0 1 3 0 0 0 3B 1 0 
>>> A5 22 12 7 0 1A 1 60 A2 0 0 1 1 A5 12 66 4 0 6D 1 30 40 0 
<<< A5 12 12 4 0 2F 1 60 A2 0 A5 22 66 16 0 9B 1 30 40 0 7 0 2 1 0 1 64 1 0 0 1 3 0 0 0 3B 1 0 
>>> A5 22 13 7 0 17 1 60 A2 0 0 1 3 
<<< A5 12 13 4 0 2E 1 60 A2 0 A5 22 67 16 0 98 1 30 40 0 7 0 2 1 0 3 64 1 0 0 1 3 0 0 0 3B 1 0 
>>> A5 12 67 4 0 6C 1 30 40 0 
>>> A5 22 14 7 0 18 1 60 A2 0 0 1 1 A5 12 68 4 0 6B 1 30 40 0 
<<< A5 12 14 4 0 2D 1 60 A2 0 A5 22 68 16 0 99 1 30 40 0 7 0 2 1 0 1 64 1 0 0 1 3 0 0 0 3B 1 0 
>>> A5 22 15 7 0 15 1 60 A2 0 0 1 3 A5 12 69 4 0 6A 1 30 40 0 
<<< A5 12 15 4 0 2C 1 60 A2 0 A5 22 69 16 0 96 1 30 40 0 7 0 2 1 0 3 64 1 0 0 1 3 0 0 0 3B 1 0 
<<< A5 22 6A 16 0 95 1 30 40 0 7 0 2 1 0 3 64 1 0 0 1 3 0 0 0 3B 1 0 
>>> A5 12 6A 4 0 69 1 30 40 0 
<<< A5 22 6B 16 0 94 1 30 40 0 7 0 2 1 0 3 64 1 0 0 1 3 0 0 0 3B 1 0 
>>> A5 12 6B 4 0 68 1 30 40 0 
<<< A5 22 6C 16 0 93 1 30 40 0 7 0 2 1 0 3 64 1 0 0 1 3 0 0 0 3B 1 0 
>>> A5 12 6C 4 0 67 1 30 40 0 
<<< A5 22 6D 16 0 92 1 30 40 0 7 0 2 1 0 3 64 1 0 0 1 3 0 0 0 3B 1 0 
>>> A5 12 6D 4 0 66 1 30 40 0 
<<< A5 22 6E 16 0 91 1 30 40 0 7 0 2 1 0 3 64 1 0 0 1 3 0 0 0 3B 1 0 
>>> A5 12 6E 4 0 65 1 30 40 0 
<<< A5 22 6F 16 0 90 1 30 40 0 7 0 2 1 0 3 64 1 0 0 1 3 0 0 0 3B 1 0 
>>> A5 12 6F 4 0 64 1 30 40 0 
<<< A5 22 70 16 0 8F 1 30 40 0 7 0 2 1 0 3 64 1 0 0 1 3 0 0 0 3B 1 0 
>>> A5 12 70 4 0 63 1 30 40 0 
<<< A5 22 71 16 0 8E 1 30 40 0 7 0 2 1 0 3 64 1 0 0 1 3 0 0 0 3B 1 0 
>>> A5 12 71 4 0 62 1 30 40 0 
<<< A5 22 72 16 0 8D 1 30 40 0 7 0 2 1 0 3 64 1 0 0 1 3 0 0 0 3B 1 0 
>>> A5 12 72 4 0 61 1 30 40 0 
<<< A5 22 73 16 0 8C 1 30 40 0 7 0 2 1 0 3 64 1 0 0 1 3 0 0 0 3B 1 0 
>>> A5 12 73 4 0 60 1 30 40 0 
<<< A5 22 74 16 0 8B 1 30 40 0 7 0 2 1 0 3 64 1 0 0 1 3 0 0 0 3B 1 0 
>>> A5 12 74 4 0 5F 1 30 40 0 
<<< A5 22 75 16 0 8A 1 30 40 0 7 0 2 1 0 3 64 1 0 0 1 3 0 0 0 3B 1 0 
>>> A5 12 75 4 0 5E 1 30 40 0 
<<< A5 22 76 16 0 89 1 30 40 0 7 0 2 1 0 3 64 1 0 0 1 3 0 0 0 3B 1 0 
>>> A5 12 76 4 0 5D 1 30 40 0 
<<< A5 22 77 16 0 88 1 30 40 0 7 0 2 1 0 3 64 1 0 0 1 3 0 0 0 3B 1 0 
>>> A5 12 77 4 0 5C 1 30 40 0 
>>> A5 22 16 7 0 15 1 60 A2 0 0 1 2 
<<< A5 12 16 4 0 2B 1 60 A2 0 A5 22 78 16 0 88 1 30 40 0 7 0 2 1 0 2 64 1 0 0 1 3 0 0 0 3B 1 0 
>>> A5 12 78 4 0 5B 1 30 40 0 
<<< A5 22 79 16 0 87 1 30 40 0 7 0 2 1 0 2 64 1 0 0 1 3 0 0 0 3B 1 0 
>>> A5 12 79 4 0 5A 1 30 40 0 
<<< A5 22 7A 16 0 86 1 30 40 0 7 0 2 1 0 2 64 1 0 0 1 3 0 0 0 3B 1 0 
>>> A5 12 7A 4 0 59 1 30 40 0 
<<< A5 22 7B 16 0 85 1 30 40 0 7 0 2 1 0 2 64 1 0 0 1 3 0 0 0 3B 1 0 
>>> A5 12 7B 4 0 58 1 30 40 0 
<<< A5 22 7C 16 0 84 1 30 40 0 7 0 2 1 0 2 64 1 0 0 1 3 0 0 0 3B 1 0 
>>> A5 12 7C 4 0 57 1 30 40 0 
<<< A5 22 7D 16 0 83 1 30 40 0 7 0 2 1 0 2 64 1 0 0 1 3 0 0 0 3B 1 0 
>>> A5 12 7D 4 0 56 1 30 40 0 
<<< A5 22 7E 16 0 82 1 30 40 0 7 0 2 1 0 2 64 1 0 0 1 3 0 0 0 3B 1 0 
>>> A5 12 7E 4 0 55 1 30 40 0 
<<< A5 22 7F 16 0 81 1 30 40 0 7 0 2 1 0 2 64 1 0 0 1 3 0 0 0 3B 1 0 
>>> A5 12 7F 4 0 54 1 30 40 0 
<<< A5 22 80 16 0 80 1 30 40 0 7 0 2 1 0 2 64 1 0 0 1 3 0 0 0 3B 1 0 
>>> A5 12 80 4 0 53 1 30 40 0 
<<< A5 22 81 16 0 7F 1 30 40 0 7 0 2 1 0 2 64 1 0 0 1 3 0 0 0 3B 1 0 
>>> A5 12 81 4 0 52 1 30 40 0 
<<< A5 22 82 16 0 7D 1 30 40 0 7 0 2 1 0 2 64 1 0 0 1 4 0 0 0 3B 1 0 
>>> A5 12 82 4 0 51 1 30 40 0 
<<< A5 22 83 16 0 7D 1 30 40 0 7 0 2 1 0 2 64 1 0 0 1 3 0 0 0 3B 1 0 
>>> A5 12 83 4 0 50 1 30 40 0 
<<< A5 22 84 16 0 7C 1 30 40 0 7 0 2 1 0 2 64 1 0 0 1 3 0 0 0 3B 1 0 
>>> A5 12 84 4 0 4F 1 30 40 0 
<<< A5 22 85 16 0 7B 1 30 40 0 7 0 2 1 0 2 64 1 0 0 1 3 0 0 0 3B 1 0 
>>> A5 12 85 4 0 4E 1 30 40 0 
<<< A5 22 86 16 0 7A 1 30 40 0 7 0 2 1 0 2 64 1 0 0 1 3 0 0 0 3B 1 0 
>>> A5 12 86 4 0 4D 1 30 40 0 
<<< A5 22 87 16 0 79 1 30 40 0 7 0 2 1 0 2 64 1 0 0 1 3 0 0 0 3B 1 0 
>>> A5 12 87 4 0 4C 1 30 40 0 
<<< A5 22 88 16 0 78 1 30 40 0 7 0 2 1 0 2 64 1 0 0 1 3 0 0 0 3B 1 0 
>>> A5 12 88 4 0 4B 1 30 40 0 
<<< A5 22 89 16 0 77 1 30 40 0 7 0 2 1 0 2 64 1 0 0 1 3 0 0 0 3B 1 0 
>>> A5 12 89 4 0 4A 1 30 40 0 
<<< A5 22 8A 16 0 76 1 30 40 0 7 0 2 1 0 2 64 1 0 0 1 3 0 0 0 3B 1 0 
>>> A5 12 8A 4 0 49 1 30 40 0 
<<< A5 22 8B 16 0 75 1 30 40 0 7 0 2 1 0 2 64 1 0 0 1 3 0 0 0 3B 1 0 
>>> A5 12 8B 4 0 48 1 30 40 0 
<<< A5 22 8C 16 0 74 1 30 40 0 7 0 2 1 0 2 64 1 0 0 1 3 0 0 0 3B 1 0 
>>> A5 12 8C 4 0 47 1 30 40 0 
<<< A5 22 8D 16 0 73 1 30 40 0 7 0 2 1 0 2 64 1 0 0 1 3 0 0 0 3B 1 0 
>>> A5 12 8D 4 0 46 1 30 40 0 
<<< A5 22 8E 16 0 72 1 30 40 0 7 0 2 1 0 2 64 1 0 0 1 3 0 0 0 3B 1 0 
>>> A5 12 8E 4 0 45 1 30 40 0 
<<< A5 22 8F 16 0 71 1 30 40 0 7 0 2 1 0 2 64 1 0 0 1 3 0 0 0 3B 1 0 
>>> A5 12 8F 4 0 44 1 30 40 0 
<<< A5 22 90 16 0 70 1 30 40 0 7 0 2 1 0 2 64 1 0 0 1 3 0 0 0 3B 1 0 
>>> A5 12 90 4 0 43 1 30 40 0 
<<< A5 22 91 16 0 6F 1 30 40 0 7 0 2 1 0 2 64 1 0 0 1 3 0 0 0 3B 1 0 
>>> A5 12 91 4 0 42 1 30 40 0 
<<< A5 22 92 16 0 6E 1 30 40 0 7 0 2 1 0 2 64 1 0 0 1 3 0 0 0 3B 1 0 
>>> A5 12 92 4 0 41 1 30 40 0 
<<< A5 22 93 16 0 6D 1 30 40 0 7 0 2 1 0 2 64 1 0 0 1 3 0 0 0 3B 1 0 
>>> A5 12 93 4 0 40 1 30 40 0 
<<< A5 22 94 16 0 6C 1 30 40 0 7 0 2 1 0 2 64 1 0 0 1 3 0 0 0 3B 1 0 
>>> A5 12 94 4 0 3F 1 30 40 0 
<<< A5 22 95 16 0 6B 1 30 40 0 7 0 2 1 0 2 64 1 0 0 1 3 0 0 0 3B 1 0 
>>> A5 12 95 4 0 3E 1 30 40 0 
